sample_index,sim_time_s,mobile_x,mobile_y,mobile_state,mobile_rloc16,parent_extaddr,parent_rloc16,parent_node_guess,parent_link_quality_in,parent_link_quality_out,parent_age,parent_version,mobile_to_parent_target,mobile_to_parent_target_rloc16,mobile_to_parent_target_extaddr,mobile_tx_power_dbm,mobile_verified_tx_power_dbm,mobile_to_parent_target_tx_power_dbm,mobile_to_parent_target_verified_tx_power_dbm,mobile_to_parent_tx,mobile_to_parent_rx,mobile_to_parent_loss_pct,mobile_to_parent_rtt_min_ms,mobile_to_parent_rtt_avg_ms,mobile_to_parent_rtt_max_ms,mobile_to_parent_sim_rss_method,mobile_to_parent_sim_rss_match_status,mobile_to_parent_sim_rss_match_confidence,mobile_to_parent_request_rx_sim_rss_dbm,mobile_to_parent_request_rx_sim_lqi,mobile_to_parent_reply_rx_sim_rss_dbm,mobile_to_parent_reply_rx_sim_lqi,mobile_to_parent_sim_rss_event_time_s,parent_switch,connectivity_ok,selected_radio_model,device_profile,thread_device_type,parent_search_config,packet_probe_reliable,primary_parent_observation,ip_counters_json,mle_counters_json,router_a_scan_dbm,router_a_scan_lqi,router_b_scan_dbm,router_b_scan_lqi,router_c_scan_dbm,router_c_scan_lqi
0,481.0,0.0,360.0,child,9001,a674d74bdbecd7c3,9000,router_a,1,1,6,5,router_a,9000,a674d74bdbecd7c3,0.0,0.0,0.0,0.0,1,1,0.0,15.0,15.0,15.0,otns_model_derived_at_ping,model_derived,1.0,-86.146,1,-86.146,1,481.0,False,True,MutualInterference,minimal_end_device,med,enabled,True,packet_probe,"{""RxFailed"": ""0"", ""RxSuccess"": ""60"", ""TxFailed"": ""0"", ""TxSuccess"": ""29""}","{""Attach Attempts"": ""1"", ""Better Parent Attach Attempts"": ""1"", ""Better Partition Attach Attempts"": ""0"", ""Parent Changes"": ""0"", ""Partition Id Changes"": ""1"", ""Role Child"": ""1"", ""Role Detached"": ""1"", ""Role Disabled"": ""0"", ""Role Leader"": ""0"", ""Role Router"": ""0"", ""Time Child Milli"": ""472431"", ""Time Detached Milli"": ""8569"", ""Time Disabled Milli"": ""0"", ""Time Leader Milli"": ""0"", ""Time Router Milli"": ""0"", ""Time Tracked Milli"": ""481000""}",,,,,,
1,482.0,50.0,360.0,child,9001,a674d74bdbecd7c3,9000,router_a,2,1,7,5,router_a,9000,a674d74bdbecd7c3,0.0,0.0,0.0,0.0,1,1,0.0,5.0,5.0,5.0,otns_model_derived_at_ping,model_derived,1.0,-83.667,2,-83.667,2,482.0,False,True,MutualInterference,minimal_end_device,med,enabled,True,packet_probe,"{""RxFailed"": ""0"", ""RxSuccess"": ""61"", ""TxFailed"": ""0"", ""TxSuccess"": ""30""}","{""Attach Attempts"": ""1"", ""Better Parent Attach Attempts"": ""1"", ""Better Partition Attach Attempts"": ""0"", ""Parent Changes"": ""0"", ""Partition Id Changes"": ""1"", ""Role Child"": ""1"", ""Role Detached"": ""1"", ""Role Disabled"": ""0"", ""Role Leader"": ""0"", ""Role Router"": ""0"", ""Time Child Milli"": ""473431"", ""Time Detached Milli"": ""8569"", ""Time Disabled Milli"": ""0"", ""Time Leader Milli"": ""0"", ""Time Router Milli"": ""0"", ""Time Tracked Milli"": ""482000""}",,,,,,
2,483.0,100.0,360.0,child,9001,a674d74bdbecd7c3,9000,router_a,2,1,8,5,router_a,9000,a674d74bdbecd7c3,0.0,0.0,0.0,0.0,1,1,0.0,7.0,7.0,7.0,otns_model_derived_at_ping,model_derived,1.0,-80.774,2,-80.774,2,483.0,False,True,MutualInterference,minimal_end_device,med,enabled,True,packet_probe,"{""RxFailed"": ""0"", ""RxSuccess"": ""62"", ""TxFailed"": ""0"", ""TxSuccess"": ""31""}","{""Attach Attempts"": ""1"", ""Better Parent Attach Attempts"": ""1"", ""Better Partition Attach Attempts"": ""0"", ""Parent Changes"": ""0"", ""Partition Id Changes"": ""1"", ""Role Child"": ""1"", ""Role Detached"": ""1"", ""Role Disabled"": ""0"", ""Role Leader"": ""0"", ""Role Router"": ""0"", ""Time Child Milli"": ""474431"", ""Time Detached Milli"": ""8569"", ""Time Disabled Milli"": ""0"", ""Time Leader Milli"": ""0"", ""Time Router Milli"": ""0"", ""Time Tracked Milli"": ""483000""}",,,,,,
3,484.0,150.0,360.0,child,9001,a674d74bdbecd7c3,9000,router_a,2,1,9,5,router_a,9000,a674d74bdbecd7c3,0.0,0.0,0.0,0.0,1,1,0.0,5.0,5.0,5.0,otns_model_derived_at_ping,model_derived,1.0,-77.313,2,-77.313,2,484.0,False,True,MutualInterference,minimal_end_device,med,enabled,True,packet_probe,"{""RxFailed"": ""0"", ""RxSuccess"": ""63"", ""TxFailed"": ""0"", ""TxSuccess"": ""32""}","{""Attach Attempts"": ""1"", ""Better Parent Attach Attempts"": ""1"", ""Better Partition Attach Attempts"": ""0"", ""Parent Changes"": ""0"", ""Partition Id Changes"": ""1"", ""Role Child"": ""1"", ""Role Detached"": ""1"", ""Role Disabled"": ""0"", ""Role Leader"": ""0"", ""Role Router"": ""0"", ""Time Child Milli"": ""475431"", ""Time Detached Milli"": ""8569"", ""Time Disabled Milli"": ""0"", ""Time Leader Milli"": ""0"", ""Time Router Milli"": ""0"", ""Time Tracked Milli"": ""484000""}",,,,,,
4,485.0,200.0,360.0,child,9001,a674d74bdbecd7c3,9000,router_a,2,1,10,5,router_a,9000,a674d74bdbecd7c3,0.0,0.0,0.0,0.0,1,1,0.0,7.0,7.0,7.0,otns_model_derived_at_ping,model_derived,1.0,-73.046,2,-73.046,2,485.0,False,True,MutualInterference,minimal_end_device,med,enabled,True,packet_probe,"{""RxFailed"": ""0"", ""RxSuccess"": ""64"", ""TxFailed"": ""0"", ""TxSuccess"": ""33""}","{""Attach Attempts"": ""1"", ""Better Parent Attach Attempts"": ""1"", ""Better Partition Attach Attempts"": ""0"", ""Parent Changes"": ""0"", ""Partition Id Changes"": ""1"", ""Role Child"": ""1"", ""Role Detached"": ""1"", ""Role Disabled"": ""0"", ""Role Leader"": ""0"", ""Role Router"": ""0"", ""Time Child Milli"": ""476431"", ""Time Detached Milli"": ""8569"", ""Time Disabled Milli"": ""0"", ""Time Leader Milli"": ""0"", ""Time Router Milli"": ""0"", ""Time Tracked Milli"": ""485000""}",,,,,,
5,486.0,250.0,360.0,child,9001,a674d74bdbecd7c3,9000,router_a,3,1,11,5,router_a,9000,a674d74bdbecd7c3,0.0,0.0,0.0,0.0,1,1,0.0,7.0,7.0,7.0,otns_model_derived_at_ping,model_derived,1.0,-67.625,3,-67.625,3,486.0,False,True,MutualInterference,minimal_end_device,med,enabled,True,packet_probe,"{""RxFailed"": ""0"", ""RxSuccess"": ""65"", ""TxFailed"": ""0"", ""TxSuccess"": ""34""}","{""Attach Attempts"": ""1"", ""Better Parent Attach Attempts"": ""1"", ""Better Partition Attach Attempts"": ""0"", ""Parent Changes"": ""0"", ""Partition Id Changes"": ""1"", ""Role Child"": ""1"", ""Role Detached"": ""1"", ""Role Disabled"": ""0"", ""Role Leader"": ""0"", ""Role Router"": ""0"", ""Time Child Milli"": ""477431"", ""Time Detached Milli"": ""8569"", ""Time Disabled Milli"": ""0"", ""Time Leader Milli"": ""0"", ""Time Router Milli"": ""0"", ""Time Tracked Milli"": ""486000""}",,,,,,
6,487.0,300.0,360.0,child,9001,a674d74bdbecd7c3,9000,router_a,3,1,12,5,router_a,9000,a674d74bdbecd7c3,0.0,0.0,0.0,0.0,1,1,0.0,6.0,6.0,6.0,otns_model_derived_at_ping,model_derived,1.0,-60.956,3,-60.956,3,487.0,False,True,MutualInterference,minimal_end_device,med,enabled,True,packet_probe,"{""RxFailed"": ""0"", ""RxSuccess"": ""66"", ""TxFailed"": ""0"", ""TxSuccess"": ""35""}","{""Attach Attempts"": ""1"", ""Better Parent Attach Attempts"": ""1"", ""Better Partition Attach Attempts"": ""0"", ""Parent Changes"": ""0"", ""Partition Id Changes"": ""1"", ""Role Child"": ""1"", ""Role Detached"": ""1"", ""Role Disabled"": ""0"", ""Role Leader"": ""0"", ""Role Router"": ""0"", ""Time Child Milli"": ""478431"", ""Time Detached Milli"": ""8569"", ""Time Disabled Milli"": ""0"", ""Time Leader Milli"": ""0"", ""Time Router Milli"": ""0"", ""Time Tracked Milli"": ""487000""}",,,,,,
7,488.0,350.0,360.0,child,9001,a674d74bdbecd7c3,9000,router_a,3,1,0,5,router_a,9000,a674d74bdbecd7c3,0.0,0.0,0.0,0.0,1,1,0.0,5.0,5.0,5.0,otns_model_derived_at_ping,model_derived,1.0,-56.57,3,-56.57,3,488.0,False,True,MutualInterference,minimal_end_device,med,enabled,True,packet_probe,"{""RxFailed"": ""0"", ""RxSuccess"": ""68"", ""TxFailed"": ""0"", ""TxSuccess"": ""36""}","{""Attach Attempts"": ""1"", ""Better Parent Attach Attempts"": ""1"", ""Better Partition Attach Attempts"": ""0"", ""Parent Changes"": ""0"", ""Partition Id Changes"": ""1"", ""Role Child"": ""1"", ""Role Detached"": ""1"", ""Role Disabled"": ""0"", ""Role Leader"": ""0"", ""Role Router"": ""0"", ""Time Child Milli"": ""479431"", ""Time Detached Milli"": ""8569"", ""Time Disabled Milli"": ""0"", ""Time Leader Milli"": ""0"", ""Time Router Milli"": ""0"", ""Time Tracked Milli"": ""488000""}",,,,,,
8,489.0,400.0,360.0,child,9001,a674d74bdbecd7c3,9000,router_a,3,1,1,5,router_a,9000,a674d74bdbecd7c3,0.0,0.0,0.0,0.0,1,1,0.0,7.0,7.0,7.0,otns_model_derived_at_ping,model_derived,1.0,-60.956,3,-60.956,3,489.0,False,True,MutualInterference,minimal_end_device,med,enabled,True,packet_probe,"{""RxFailed"": ""0"", ""RxSuccess"": ""69"", ""TxFailed"": ""0"", ""TxSuccess"": ""37""}","{""Attach Attempts"": ""1"", ""Better Parent Attach Attempts"": ""1"", ""Better Partition Attach Attempts"": ""0"", ""Parent Changes"": ""0"", ""Partition Id Changes"": ""1"", ""Role Child"": ""1"", ""Role Detached"": ""1"", ""Role Disabled"": ""0"", ""Role Leader"": ""0"", ""Role Router"": ""0"", ""Time Child Milli"": ""480431"", ""Time Detached Milli"": ""8569"", ""Time Disabled Milli"": ""0"", ""Time Leader Milli"": ""0"", ""Time Router Milli"": ""0"", ""Time Tracked Milli"": ""489000""}",,,,,,
9,490.0,450.0,360.0,child,9001,a674d74bdbecd7c3,9000,router_a,3,1,2,5,router_a,9000,a674d74bdbecd7c3,0.0,0.0,0.0,0.0,1,1,0.0,6.0,6.0,6.0,otns_model_derived_at_ping,model_derived,1.0,-67.625,3,-67.625,3,490.0,False,True,MutualInterference,minimal_end_device,med,enabled,True,packet_probe,"{""RxFailed"": ""0"", ""RxSuccess"": ""70"", ""TxFailed"": ""0"", ""TxSuccess"": ""38""}","{""Attach Attempts"": ""1"", ""Better Parent Attach Attempts"": ""1"", ""Better Partition Attach Attempts"": ""0"", ""Parent Changes"": ""0"", ""Partition Id Changes"": ""1"", ""Role Child"": ""1"", ""Role Detached"": ""1"", ""Role Disabled"": ""0"", ""Role Leader"": ""0"", ""Role Router"": ""0"", ""Time Child Milli"": ""481431"", ""Time Detached Milli"": ""8569"", ""Time Disabled Milli"": ""0"", ""Time Leader Milli"": ""0"", ""Time Router Milli"": ""0"", ""Time Tracked Milli"": ""490000""}",,,,,,
10,491.0,500.0,360.0,child,9001,a674d74bdbecd7c3,9000,router_a,3,1,3,5,router_a,9000,a674d74bdbecd7c3,0.0,0.0,0.0,0.0,1,1,0.0,8.0,8.0,8.0,otns_model_derived_at_ping,model_derived,1.0,-73.046,2,-73.046,2,491.0,False,True,MutualInterference,minimal_end_device,med,enabled,True,packet_probe,"{""RxFailed"": ""0"", ""RxSuccess"": ""71"", ""TxFailed"": ""0"", ""TxSuccess"": ""39""}","{""Attach Attempts"": ""1"", ""Better Parent Attach Attempts"": ""1"", ""Better Partition Attach Attempts"": ""0"", ""Parent Changes"": ""0"", ""Partition Id Changes"": ""1"", ""Role Child"": ""1"", ""Role Detached"": ""1"", ""Role Disabled"": ""0"", ""Role Leader"": ""0"", ""Role Router"": ""0"", ""Time Child Milli"": ""482431"", ""Time Detached Milli"": ""8569"", ""Time Disabled Milli"": ""0"", ""Time Leader Milli"": ""0"", ""Time Router Milli"": ""0"", ""Time Tracked Milli"": ""491000""}",,,,,,
11,492.0,550.0,360.0,child,9001,a674d74bdbecd7c3,9000,router_a,3,1,4,5,router_a,9000,a674d74bdbecd7c3,0.0,0.0,0.0,0.0,1,1,0.0,6.0,6.0,6.0,otns_model_derived_at_ping,model_derived,1.0,-77.313,2,-77.313,2,492.0,False,True,MutualInterference,minimal_end_device,med,enabled,True,packet_probe,"{""RxFailed"": ""0"", ""RxSuccess"": ""72"", ""TxFailed"": ""0"", ""TxSuccess"": ""40""}","{""Attach Attempts"": ""1"", ""Better Parent Attach Attempts"": ""1"", ""Better Partition Attach Attempts"": ""0"", ""Parent Changes"": ""0"", ""Partition Id Changes"": ""1"", ""Role Child"": ""1"", ""Role Detached"": ""1"", ""Role Disabled"": ""0"", ""Role Leader"": ""0"", ""Role Router"": ""0"", ""Time Child Milli"": ""483431"", ""Time Detached Milli"": ""8569"", ""Time Disabled Milli"": ""0"", ""Time Leader Milli"": ""0"", ""Time Router Milli"": ""0"", ""Time Tracked Milli"": ""492000""}",,,,,,
12,493.0,600.0,360.0,child,9001,a674d74bdbecd7c3,9000,router_a,3,1,5,5,router_a,9000,a674d74bdbecd7c3,0.0,0.0,0.0,0.0,1,1,0.0,7.0,7.0,7.0,otns_model_derived_at_ping,model_derived,1.0,-80.774,2,-80.774,2,493.0,False,True,MutualInterference,minimal_end_device,med,enabled,True,packet_probe,"{""RxFailed"": ""0"", ""RxSuccess"": ""73"", ""TxFailed"": ""0"", ""TxSuccess"": ""41""}","{""Attach Attempts"": ""1"", ""Better Parent Attach Attempts"": ""1"", ""Better Partition Attach Attempts"": ""0"", ""Parent Changes"": ""0"", ""Partition Id Changes"": ""1"", ""Role Child"": ""1"", ""Role Detached"": ""1"", ""Role Disabled"": ""0"", ""Role Leader"": ""0"", ""Role Router"": ""0"", ""Time Child Milli"": ""484431"", ""Time Detached Milli"": ""8569"", ""Time Disabled Milli"": ""0"", ""Time Leader Milli"": ""0"", ""Time Router Milli"": ""0"", ""Time Tracked Milli"": ""493000""}",,,,,,
13,494.0,650.0,360.0,child,9001,a674d74bdbecd7c3,9000,router_a,3,1,6,5,router_a,9000,a674d74bdbecd7c3,0.0,0.0,0.0,0.0,1,1,0.0,6.0,6.0,6.0,otns_model_derived_at_ping,model_derived,1.0,-83.667,2,-83.667,2,494.0,False,True,MutualInterference,minimal_end_device,med,enabled,True,packet_probe,"{""RxFailed"": ""0"", ""RxSuccess"": ""74"", ""TxFailed"": ""0"", ""TxSuccess"": ""42""}","{""Attach Attempts"": ""1"", ""Better Parent Attach Attempts"": ""1"", ""Better Partition Attach Attempts"": ""0"", ""Parent Changes"": ""0"", ""Partition Id Changes"": ""1"", ""Role Child"": ""1"", ""Role Detached"": ""1"", ""Role Disabled"": ""0"", ""Role Leader"": ""0"", ""Role Router"": ""0"", ""Time Child Milli"": ""485431"", ""Time Detached Milli"": ""8569"", ""Time Disabled Milli"": ""0"", ""Time Leader Milli"": ""0"", ""Time Router Milli"": ""0"", ""Time Tracked Milli"": ""494000""}",,,,,,
14,495.0,700.0,360.0,child,9001,a674d74bdbecd7c3,9000,router_a,3,1,7,5,router_a,9000,a674d74bdbecd7c3,0.0,0.0,0.0,0.0,1,1,0.0,7.0,7.0,7.0,otns_model_derived_at_ping,model_derived,1.0,-86.146,1,-86.146,1,495.0,False,True,MutualInterference,minimal_end_device,med,enabled,True,packet_probe,"{""RxFailed"": ""0"", ""RxSuccess"": ""75"", ""TxFailed"": ""0"", ""TxSuccess"": ""43""}","{""Attach Attempts"": ""1"", ""Better Parent Attach Attempts"": ""1"", ""Better Partition Attach Attempts"": ""0"", ""Parent Changes"": ""0"", ""Partition Id Changes"": ""1"", ""Role Child"": ""1"", ""Role Detached"": ""1"", ""Role Disabled"": ""0"", ""Role Leader"": ""0"", ""Role Router"": ""0"", ""Time Child Milli"": ""486431"", ""Time Detached Milli"": ""8569"", ""Time Disabled Milli"": ""0"", ""Time Leader Milli"": ""0"", ""Time Router Milli"": ""0"", ""Time Tracked Milli"": ""495000""}",,,,,,
15,496.0,750.0,360.0,child,9001,a674d74bdbecd7c3,9000,router_a,3,1,8,5,router_a,9000,a674d74bdbecd7c3,0.0,0.0,0.0,0.0,1,1,0.0,7.0,7.0,7.0,otns_model_derived_at_ping,model_derived,1.0,-88.311,1,-88.311,1,496.0,False,True,MutualInterference,minimal_end_device,med,enabled,True,packet_probe,"{""RxFailed"": ""0"", ""RxSuccess"": ""76"", ""TxFailed"": ""0"", ""TxSuccess"": ""44""}","{""Attach Attempts"": ""1"", ""Better Parent Attach Attempts"": ""1"", ""Better Partition Attach Attempts"": ""0"", ""Parent Changes"": ""0"", ""Partition Id Changes"": ""1"", ""Role Child"": ""1"", ""Role Detached"": ""1"", ""Role Disabled"": ""0"", ""Role Leader"": ""0"", ""Role Router"": ""0"", ""Time Child Milli"": ""487431"", ""Time Detached Milli"": ""8569"", ""Time Disabled Milli"": ""0"", ""Time Leader Milli"": ""0"", ""Time Router Milli"": ""0"", ""Time Tracked Milli"": ""496000""}",,,,,,
16,497.0,800.0,360.0,child,9001,a674d74bdbecd7c3,9000,router_a,3,1,9,5,router_a,9000,a674d74bdbecd7c3,0.0,0.0,0.0,0.0,,,,,,,otns_model_derived_at_ping,model_derived,1.0,-90.232,1,,,497.0,False,False,MutualInterference,minimal_end_device,med,enabled,True,packet_probe,"{""RxFailed"": ""0"", ""RxSuccess"": ""76"", ""TxFailed"": ""1"", ""TxSuccess"": ""44""}","{""Attach Attempts"": ""1"", ""Better Parent Attach Attempts"": ""1"", ""Better Partition Attach Attempts"": ""0"", ""Parent Changes"": ""0"", ""Partition Id Changes"": ""1"", ""Role Child"": ""1"", ""Role Detached"": ""1"", ""Role Disabled"": ""0"", ""Role Leader"": ""0"", ""Role Router"": ""0"", ""Time Child Milli"": ""488431"", ""Time Detached Milli"": ""8569"", ""Time Disabled Milli"": ""0"", ""Time Leader Milli"": ""0"", ""Time Router Milli"": ""0"", ""Time Tracked Milli"": ""497000""}",,,,,,
17,498.0,850.0,360.0,child,9001,a674d74bdbecd7c3,9000,router_a,3,1,10,5,router_a,9000,a674d74bdbecd7c3,0.0,0.0,0.0,0.0,,,,,,,otns_model_derived_at_ping,model_derived,1.0,-91.957,1,,,498.0,False,False,MutualInterference,minimal_end_device,med,enabled,True,packet_probe,"{""RxFailed"": ""0"", ""RxSuccess"": ""76"", ""TxFailed"": ""1"", ""TxSuccess"": ""44""}","{""Attach Attempts"": ""1"", ""Better Parent Attach Attempts"": ""1"", ""Better Partition Attach Attempts"": ""0"", ""Parent Changes"": ""0"", ""Partition Id Changes"": ""1"", ""Role Child"": ""1"", ""Role Detached"": ""1"", ""Role Disabled"": ""0"", ""Role Leader"": ""0"", ""Role Router"": ""0"", ""Time Child Milli"": ""489431"", ""Time Detached Milli"": ""8569"", ""Time Disabled Milli"": ""0"", ""Time Leader Milli"": ""0"", ""Time Router Milli"": ""0"", ""Time Tracked Milli"": ""498000""}",,,,,,
18,499.0,900.0,360.0,child,9001,a674d74bdbecd7c3,9000,router_a,3,1,11,5,router_a,9000,a674d74bdbecd7c3,0.0,0.0,0.0,0.0,1,0,100.0,,,,otns_model_derived_at_ping,model_derived,1.0,-93.522,1,,,499.0,False,False,MutualInterference,minimal_end_device,med,enabled,True,packet_probe,"{""RxFailed"": ""0"", ""RxSuccess"": ""76"", ""TxFailed"": ""1"", ""TxSuccess"": ""44""}","{""Attach Attempts"": ""1"", ""Better Parent Attach Attempts"": ""1"", ""Better Partition Attach Attempts"": ""0"", ""Parent Changes"": ""0"", ""Partition Id Changes"": ""1"", ""Role Child"": ""1"", ""Role Detached"": ""1"", ""Role Disabled"": ""0"", ""Role Leader"": ""0"", ""Role Router"": ""0"", ""Time Child Milli"": ""490431"", ""Time Detached Milli"": ""8569"", ""Time Disabled Milli"": ""0"", ""Time Leader Milli"": ""0"", ""Time Router Milli"": ""0"", ""Time Tracked Milli"": ""499000""}",,,,,,
19,500.0,950.0,360.0,child,9001,a674d74bdbecd7c3,9000,router_a,2,1,0,5,router_a,9000,a674d74bdbecd7c3,0.0,0.0,0.0,0.0,1,1,0.0,8.0,8.0,8.0,otns_model_derived_at_ping,model_derived,1.0,-94.953,1,-94.953,1,500.0,False,True,MutualInterference,minimal_end_device,med,enabled,True,packet_probe,"{""RxFailed"": ""0"", ""RxSuccess"": ""78"", ""TxFailed"": ""1"", ""TxSuccess"": ""45""}","{""Attach Attempts"": ""1"", ""Better Parent Attach Attempts"": ""1"", ""Better Partition Attach Attempts"": ""0"", ""Parent Changes"": ""0"", ""Partition Id Changes"": ""1"", ""Role Child"": ""1"", ""Role Detached"": ""1"", ""Role Disabled"": ""0"", ""Role Leader"": ""0"", ""Role Router"": ""0"", ""Time Child Milli"": ""491431"", ""Time Detached Milli"": ""8569"", ""Time Disabled Milli"": ""0"", ""Time Leader Milli"": ""0"", ""Time Router Milli"": ""0"", ""Time Tracked Milli"": ""500000""}",,,,,,
20,501.0,1000.0,360.0,child,9001,a674d74bdbecd7c3,9000,router_a,2,1,1,5,router_a,9000,a674d74bdbecd7c3,0.0,0.0,0.0,0.0,1,1,0.0,6.0,6.0,6.0,otns_model_derived_at_ping,model_derived,1.0,-96.272,1,-96.272,1,501.0,False,True,MutualInterference,minimal_end_device,med,enabled,True,packet_probe,"{""RxFailed"": ""0"", ""RxSuccess"": ""79"", ""TxFailed"": ""1"", ""TxSuccess"": ""46""}","{""Attach Attempts"": ""1"", ""Better Parent Attach Attempts"": ""1"", ""Better Partition Attach Attempts"": ""0"", ""Parent Changes"": ""0"", ""Partition Id Changes"": ""1"", ""Role Child"": ""1"", ""Role Detached"": ""1"", ""Role Disabled"": ""0"", ""Role Leader"": ""0"", ""Role Router"": ""0"", ""Time Child Milli"": ""492431"", ""Time Detached Milli"": ""8569"", ""Time Disabled Milli"": ""0"", ""Time Leader Milli"": ""0"", ""Time Router Milli"": ""0"", ""Time Tracked Milli"": ""501000""}",,,,,,
21,502.0,1050.0,360.0,child,9001,a674d74bdbecd7c3,9000,router_a,2,1,2,5,router_a,9000,a674d74bdbecd7c3,0.0,0.0,0.0,0.0,,,,,,,otns_model_derived_at_ping,model_derived,1.0,-97.495,1,,,502.0,False,False,MutualInterference,minimal_end_device,med,enabled,True,packet_probe,"{""RxFailed"": ""0"", ""RxSuccess"": ""79"", ""TxFailed"": ""2"", ""TxSuccess"": ""46""}","{""Attach Attempts"": ""1"", ""Better Parent Attach Attempts"": ""1"", ""Better Partition Attach Attempts"": ""0"", ""Parent Changes"": ""0"", ""Partition Id Changes"": ""1"", ""Role Child"": ""1"", ""Role Detached"": ""1"", ""Role Disabled"": ""0"", ""Role Leader"": ""0"", ""Role Router"": ""0"", ""Time Child Milli"": ""493431"", ""Time Detached Milli"": ""8569"", ""Time Disabled Milli"": ""0"", ""Time Leader Milli"": ""0"", ""Time Router Milli"": ""0"", ""Time Tracked Milli"": ""502000""}",,,,,,
22,503.0,1100.0,360.0,child,9001,a674d74bdbecd7c3,9000,router_a,2,1,3,5,router_a,9000,a674d74bdbecd7c3,0.0,0.0,0.0,0.0,,,,,,,otns_model_derived_at_ping,model_derived,1.0,-98.635,1,,,503.0,False,False,MutualInterference,minimal_end_device,med,enabled,True,packet_probe,"{""RxFailed"": ""0"", ""RxSuccess"": ""79"", ""TxFailed"": ""2"", ""TxSuccess"": ""46""}","{""Attach Attempts"": ""1"", ""Better Parent Attach Attempts"": ""1"", ""Better Partition Attach Attempts"": ""0"", ""Parent Changes"": ""0"", ""Partition Id Changes"": ""1"", ""Role Child"": ""1"", ""Role Detached"": ""1"", ""Role Disabled"": ""0"", ""Role Leader"": ""0"", ""Role Router"": ""0"", ""Time Child Milli"": ""494431"", ""Time Detached Milli"": ""8569"", ""Time Disabled Milli"": ""0"", ""Time Leader Milli"": ""0"", ""Time Router Milli"": ""0"", ""Time Tracked Milli"": ""503000""}",,,,,,
23,504.0,1150.0,360.0,child,9001,a674d74bdbecd7c3,9000,router_a,2,1,4,5,router_a,9000,a674d74bdbecd7c3,0.0,0.0,0.0,0.0,1,0,100.0,,,,otns_model_derived_at_ping,model_derived,1.0,-99.702,1,,,504.0,False,False,MutualInterference,minimal_end_device,med,enabled,True,packet_probe,"{""RxFailed"": ""0"", ""RxSuccess"": ""79"", ""TxFailed"": ""2"", ""TxSuccess"": ""46""}","{""Attach Attempts"": ""1"", ""Better Parent Attach Attempts"": ""1"", ""Better Partition Attach Attempts"": ""0"", ""Parent Changes"": ""0"", ""Partition Id Changes"": ""1"", ""Role Child"": ""1"", ""Role Detached"": ""1"", ""Role Disabled"": ""0"", ""Role Leader"": ""0"", ""Role Router"": ""0"", ""Time Child Milli"": ""495431"", ""Time Detached Milli"": ""8569"", ""Time Disabled Milli"": ""0"", ""Time Leader Milli"": ""0"", ""Time Router Milli"": ""0"", ""Time Tracked Milli"": ""504000""}",,,,,,
24,505.0,1200.0,360.0,child,9001,a674d74bdbecd7c3,9000,router_a,2,1,5,5,router_a,9000,a674d74bdbecd7c3,0.0,0.0,0.0,0.0,1,1,0.0,7.0,7.0,7.0,otns_model_derived_at_ping,model_derived,1.0,-100.705,0,-100.705,0,505.0,False,True,MutualInterference,minimal_end_device,med,enabled,True,packet_probe,"{""RxFailed"": ""0"", ""RxSuccess"": ""80"", ""TxFailed"": ""2"", ""TxSuccess"": ""47""}","{""Attach Attempts"": ""1"", ""Better Parent Attach Attempts"": ""1"", ""Better Partition Attach Attempts"": ""0"", ""Parent Changes"": ""0"", ""Partition Id Changes"": ""1"", ""Role Child"": ""1"", ""Role Detached"": ""1"", ""Role Disabled"": ""0"", ""Role Leader"": ""0"", ""Role Router"": ""0"", ""Time Child Milli"": ""496431"", ""Time Detached Milli"": ""8569"", ""Time Disabled Milli"": ""0"", ""Time Leader Milli"": ""0"", ""Time Router Milli"": ""0"", ""Time Tracked Milli"": ""505000""}",,,,,,
25,506.0,1250.0,360.0,child,9001,a674d74bdbecd7c3,9000,router_a,2,1,6,5,router_a,9000,a674d74bdbecd7c3,0.0,0.0,0.0,0.0,,,,,,,otns_model_derived_at_ping,model_derived,1.0,-101.652,0,,,506.0,False,False,MutualInterference,minimal_end_device,med,enabled,True,packet_probe,"{""RxFailed"": ""0"", ""RxSuccess"": ""80"", ""TxFailed"": ""3"", ""TxSuccess"": ""47""}","{""Attach Attempts"": ""1"", ""Better Parent Attach Attempts"": ""1"", ""Better Partition Attach Attempts"": ""0"", ""Parent Changes"": ""0"", ""Partition Id Changes"": ""1"", ""Role Child"": ""1"", ""Role Detached"": ""1"", ""Role Disabled"": ""0"", ""Role Leader"": ""0"", ""Role Router"": ""0"", ""Time Child Milli"": ""497431"", ""Time Detached Milli"": ""8569"", ""Time Disabled Milli"": ""0"", ""Time Leader Milli"": ""0"", ""Time Router Milli"": ""0"", ""Time Tracked Milli"": ""506000""}",,,,,,
26,507.0,1300.0,360.0,child,9001,a674d74bdbecd7c3,9000,router_a,2,1,7,5,router_a,9000,a674d74bdbecd7c3,0.0,0.0,0.0,0.0,,,,,,,otns_model_derived_at_ping,model_derived,1.0,-102.547,0,,,507.0,False,False,MutualInterference,minimal_end_device,med,enabled,True,packet_probe,"{""RxFailed"": ""0"", ""RxSuccess"": ""80"", ""TxFailed"": ""3"", ""TxSuccess"": ""47""}","{""Attach Attempts"": ""1"", ""Better Parent Attach Attempts"": ""1"", ""Better Partition Attach Attempts"": ""0"", ""Parent Changes"": ""0"", ""Partition Id Changes"": ""1"", ""Role Child"": ""1"", ""Role Detached"": ""1"", ""Role Disabled"": ""0"", ""Role Leader"": ""0"", ""Role Router"": ""0"", ""Time Child Milli"": ""498431"", ""Time Detached Milli"": ""8569"", ""Time Disabled Milli"": ""0"", ""Time Leader Milli"": ""0"", ""Time Router Milli"": ""0"", ""Time Tracked Milli"": ""507000""}",,,,,,
27,508.0,1350.0,360.0,child,9001,a674d74bdbecd7c3,9000,router_a,2,1,8,5,router_a,9000,a674d74bdbecd7c3,0.0,0.0,0.0,0.0,1,0,100.0,,,,otns_model_derived_at_ping,model_derived,1.0,-103.397,0,,,508.0,False,False,MutualInterference,minimal_end_device,med,enabled,True,packet_probe,"{""RxFailed"": ""0"", ""RxSuccess"": ""80"", ""TxFailed"": ""3"", ""TxSuccess"": ""47""}","{""Attach Attempts"": ""1"", ""Better Parent Attach Attempts"": ""1"", ""Better Partition Attach Attempts"": ""0"", ""Parent Changes"": ""0"", ""Partition Id Changes"": ""1"", ""Role Child"": ""1"", ""Role Detached"": ""1"", ""Role Disabled"": ""0"", ""Role Leader"": ""0"", ""Role Router"": ""0"", ""Time Child Milli"": ""499431"", ""Time Detached Milli"": ""8569"", ""Time Disabled Milli"": ""0"", ""Time Leader Milli"": ""0"", ""Time Router Milli"": ""0"", ""Time Tracked Milli"": ""508000""}",,,,,,
28,509.0,1400.0,360.0,child,9001,a674d74bdbecd7c3,9000,router_a,2,1,9,5,router_a,9000,a674d74bdbecd7c3,0.0,0.0,0.0,0.0,1,1,0.0,6.0,6.0,6.0,otns_model_derived_at_ping,model_derived,1.0,-104.206,0,-104.206,0,509.0,False,True,MutualInterference,minimal_end_device,med,enabled,True,packet_probe,"{""RxFailed"": ""0"", ""RxSuccess"": ""81"", ""TxFailed"": ""3"", ""TxSuccess"": ""48""}","{""Attach Attempts"": ""1"", ""Better Parent Attach Attempts"": ""1"", ""Better Partition Attach Attempts"": ""0"", ""Parent Changes"": ""0"", ""Partition Id Changes"": ""1"", ""Role Child"": ""1"", ""Role Detached"": ""1"", ""Role Disabled"": ""0"", ""Role Leader"": ""0"", ""Role Router"": ""0"", ""Time Child Milli"": ""500431"", ""Time Detached Milli"": ""8569"", ""Time Disabled Milli"": ""0"", ""Time Leader Milli"": ""0"", ""Time Router Milli"": ""0"", ""Time Tracked Milli"": ""509000""}",,,,,,
29,510.0,1450.0,360.0,child,9001,a674d74bdbecd7c3,9000,router_a,1,1,10,5,router_a,9000,a674d74bdbecd7c3,0.0,0.0,0.0,0.0,1,1,0.0,33.0,33.0,33.0,otns_model_derived_at_ping,model_derived,1.0,-104.977,0,-104.977,0,510.0,False,True,MutualInterference,minimal_end_device,med,enabled,True,packet_probe,"{""RxFailed"": ""0"", ""RxSuccess"": ""82"", ""TxFailed"": ""3"", ""TxSuccess"": ""49""}","{""Attach Attempts"": ""1"", ""Better Parent Attach Attempts"": ""1"", ""Better Partition Attach Attempts"": ""0"", ""Parent Changes"": ""0"", ""Partition Id Changes"": ""1"", ""Role Child"": ""1"", ""Role Detached"": ""1"", ""Role Disabled"": ""0"", ""Role Leader"": ""0"", ""Role Router"": ""0"", ""Time Child Milli"": ""501431"", ""Time Detached Milli"": ""8569"", ""Time Disabled Milli"": ""0"", ""Time Leader Milli"": ""0"", ""Time Router Milli"": ""0"", ""Time Tracked Milli"": ""510000""}",,,,,,
30,511.0,1500.0,360.0,child,9001,a674d74bdbecd7c3,9000,router_a,1,1,11,5,router_a,9000,a674d74bdbecd7c3,0.0,0.0,0.0,0.0,,,,,,,otns_model_derived_at_ping,model_derived,1.0,-105.715,0,,,511.0,False,False,MutualInterference,minimal_end_device,med,enabled,True,packet_probe,"{""RxFailed"": ""0"", ""RxSuccess"": ""82"", ""TxFailed"": ""4"", ""TxSuccess"": ""49""}","{""Attach Attempts"": ""1"", ""Better Parent Attach Attempts"": ""1"", ""Better Partition Attach Attempts"": ""0"", ""Parent Changes"": ""0"", ""Partition Id Changes"": ""1"", ""Role Child"": ""1"", ""Role Detached"": ""1"", ""Role Disabled"": ""0"", ""Role Leader"": ""0"", ""Role Router"": ""0"", ""Time Child Milli"": ""502431"", ""Time Detached Milli"": ""8569"", ""Time Disabled Milli"": ""0"", ""Time Leader Milli"": ""0"", ""Time Router Milli"": ""0"", ""Time Tracked Milli"": ""511000""}",,,,,,
31,512.0,1500.0,360.0,child,9001,a674d74bdbecd7c3,9000,router_a,1,1,12,5,router_a,9000,a674d74bdbecd7c3,0.0,0.0,0.0,0.0,,,,,,,otns_model_derived_at_ping,model_derived,1.0,-105.715,0,,,512.0,False,False,MutualInterference,minimal_end_device,med,enabled,True,packet_probe,"{""RxFailed"": ""0"", ""RxSuccess"": ""82"", ""TxFailed"": ""4"", ""TxSuccess"": ""49""}","{""Attach Attempts"": ""1"", ""Better Parent Attach Attempts"": ""1"", ""Better Partition Attach Attempts"": ""0"", ""Parent Changes"": ""0"", ""Partition Id Changes"": ""1"", ""Role Child"": ""1"", ""Role Detached"": ""1"", ""Role Disabled"": ""0"", ""Role Leader"": ""0"", ""Role Router"": ""0"", ""Time Child Milli"": ""503431"", ""Time Detached Milli"": ""8569"", ""Time Disabled Milli"": ""0"", ""Time Leader Milli"": ""0"", ""Time Router Milli"": ""0"", ""Time Tracked Milli"": ""512000""}",,,,,,
32,513.0,1500.0,360.0,child,9001,a674d74bdbecd7c3,9000,router_a,1,1,13,5,router_a,9000,a674d74bdbecd7c3,0.0,0.0,0.0,0.0,1,0,100.0,,,,otns_model_derived_at_ping,model_derived,1.0,-105.715,0,,,513.0,False,False,MutualInterference,minimal_end_device,med,enabled,True,packet_probe,"{""RxFailed"": ""0"", ""RxSuccess"": ""82"", ""TxFailed"": ""4"", ""TxSuccess"": ""49""}","{""Attach Attempts"": ""1"", ""Better Parent Attach Attempts"": ""1"", ""Better Partition Attach Attempts"": ""0"", ""Parent Changes"": ""0"", ""Partition Id Changes"": ""1"", ""Role Child"": ""1"", ""Role Detached"": ""1"", ""Role Disabled"": ""0"", ""Role Leader"": ""0"", ""Role Router"": ""0"", ""Time Child Milli"": ""504431"", ""Time Detached Milli"": ""8569"", ""Time Disabled Milli"": ""0"", ""Time Leader Milli"": ""0"", ""Time Router Milli"": ""0"", ""Time Tracked Milli"": ""513000""}",,,,,,
33,514.0,1500.0,360.0,child,9001,a674d74bdbecd7c3,9000,router_a,1,1,14,5,router_a,9000,a674d74bdbecd7c3,0.0,0.0,0.0,0.0,,,,,,,otns_model_derived_at_ping,model_derived,1.0,-105.715,0,,,514.0,False,False,MutualInterference,minimal_end_device,med,enabled,True,packet_probe,"{""RxFailed"": ""0"", ""RxSuccess"": ""82"", ""TxFailed"": ""5"", ""TxSuccess"": ""49""}","{""Attach Attempts"": ""1"", ""Better Parent Attach Attempts"": ""1"", ""Better Partition Attach Attempts"": ""0"", ""Parent Changes"": ""0"", ""Partition Id Changes"": ""1"", ""Role Child"": ""1"", ""Role Detached"": ""1"", ""Role Disabled"": ""0"", ""Role Leader"": ""0"", ""Role Router"": ""0"", ""Time Child Milli"": ""505431"", ""Time Detached Milli"": ""8569"", ""Time Disabled Milli"": ""0"", ""Time Leader Milli"": ""0"", ""Time Router Milli"": ""0"", ""Time Tracked Milli"": ""514000""}",,,,,,
34,515.0,1500.0,360.0,child,9001,a674d74bdbecd7c3,9000,router_a,1,1,15,5,router_a,9000,a674d74bdbecd7c3,0.0,0.0,0.0,0.0,,,,,,,otns_model_derived_at_ping,model_derived,1.0,-105.715,0,,,515.0,False,False,MutualInterference,minimal_end_device,med,enabled,True,packet_probe,"{""RxFailed"": ""0"", ""RxSuccess"": ""82"", ""TxFailed"": ""5"", ""TxSuccess"": ""49""}","{""Attach Attempts"": ""1"", ""Better Parent Attach Attempts"": ""1"", ""Better Partition Attach Attempts"": ""0"", ""Parent Changes"": ""0"", ""Partition Id Changes"": ""1"", ""Role Child"": ""1"", ""Role Detached"": ""1"", ""Role Disabled"": ""0"", ""Role Leader"": ""0"", ""Role Router"": ""0"", ""Time Child Milli"": ""506431"", ""Time Detached Milli"": ""8569"", ""Time Disabled Milli"": ""0"", ""Time Leader Milli"": ""0"", ""Time Router Milli"": ""0"", ""Time Tracked Milli"": ""515000""}",,,,,,
35,516.0,1500.0,360.0,child,9001,a674d74bdbecd7c3,9000,router_a,1,1,16,5,router_a,9000,a674d74bdbecd7c3,0.0,0.0,0.0,0.0,1,0,100.0,,,,otns_model_derived_at_ping,model_derived,1.0,-105.715,0,,,516.0,False,False,MutualInterference,minimal_end_device,med,enabled,True,packet_probe,"{""RxFailed"": ""0"", ""RxSuccess"": ""82"", ""TxFailed"": ""5"", ""TxSuccess"": ""49""}","{""Attach Attempts"": ""1"", ""Better Parent Attach Attempts"": ""1"", ""Better Partition Attach Attempts"": ""0"", ""Parent Changes"": ""0"", ""Partition Id Changes"": ""1"", ""Role Child"": ""1"", ""Role Detached"": ""1"", ""Role Disabled"": ""0"", ""Role Leader"": ""0"", ""Role Router"": ""0"", ""Time Child Milli"": ""507431"", ""Time Detached Milli"": ""8569"", ""Time Disabled Milli"": ""0"", ""Time Leader Milli"": ""0"", ""Time Router Milli"": ""0"", ""Time Tracked Milli"": ""516000""}",,,,,,
36,517.0,1500.0,360.0,child,9001,a674d74bdbecd7c3,9000,router_a,1,1,17,5,router_a,9000,a674d74bdbecd7c3,0.0,0.0,0.0,0.0,,,,,,,otns_model_derived_at_ping,model_derived,1.0,-105.715,0,,,517.0,False,False,MutualInterference,minimal_end_device,med,enabled,True,packet_probe,"{""RxFailed"": ""0"", ""RxSuccess"": ""82"", ""TxFailed"": ""6"", ""TxSuccess"": ""49""}","{""Attach Attempts"": ""1"", ""Better Parent Attach Attempts"": ""1"", ""Better Partition Attach Attempts"": ""0"", ""Parent Changes"": ""0"", ""Partition Id Changes"": ""1"", ""Role Child"": ""1"", ""Role Detached"": ""1"", ""Role Disabled"": ""0"", ""Role Leader"": ""0"", ""Role Router"": ""0"", ""Time Child Milli"": ""508431"", ""Time Detached Milli"": ""8569"", ""Time Disabled Milli"": ""0"", ""Time Leader Milli"": ""0"", ""Time Router Milli"": ""0"", ""Time Tracked Milli"": ""517000""}",,,,,,
37,518.0,1500.0,360.0,child,9001,a674d74bdbecd7c3,9000,router_a,1,1,18,5,router_a,9000,a674d74bdbecd7c3,0.0,0.0,0.0,0.0,,,,,,,otns_model_derived_at_ping,model_derived,1.0,-105.715,0,,,518.0,False,False,MutualInterference,minimal_end_device,med,enabled,True,packet_probe,"{""RxFailed"": ""0"", ""RxSuccess"": ""82"", ""TxFailed"": ""6"", ""TxSuccess"": ""49""}","{""Attach Attempts"": ""1"", ""Better Parent Attach Attempts"": ""1"", ""Better Partition Attach Attempts"": ""0"", ""Parent Changes"": ""0"", ""Partition Id Changes"": ""1"", ""Role Child"": ""1"", ""Role Detached"": ""1"", ""Role Disabled"": ""0"", ""Role Leader"": ""0"", ""Role Router"": ""0"", ""Time Child Milli"": ""509431"", ""Time Detached Milli"": ""8569"", ""Time Disabled Milli"": ""0"", ""Time Leader Milli"": ""0"", ""Time Router Milli"": ""0"", ""Time Tracked Milli"": ""518000""}",,,,,,
38,519.0,1500.0,360.0,child,9001,a674d74bdbecd7c3,9000,router_a,1,1,19,5,router_a,9000,a674d74bdbecd7c3,0.0,0.0,0.0,0.0,1,0,100.0,,,,otns_model_derived_at_ping,model_derived,1.0,-105.715,0,,,519.0,False,False,MutualInterference,minimal_end_device,med,enabled,True,packet_probe,"{""RxFailed"": ""0"", ""RxSuccess"": ""82"", ""TxFailed"": ""6"", ""TxSuccess"": ""49""}","{""Attach Attempts"": ""1"", ""Better Parent Attach Attempts"": ""1"", ""Better Partition Attach Attempts"": ""0"", ""Parent Changes"": ""0"", ""Partition Id Changes"": ""1"", ""Role Child"": ""1"", ""Role Detached"": ""1"", ""Role Disabled"": ""0"", ""Role Leader"": ""0"", ""Role Router"": ""0"", ""Time Child Milli"": ""510431"", ""Time Detached Milli"": ""8569"", ""Time Disabled Milli"": ""0"", ""Time Leader Milli"": ""0"", ""Time Router Milli"": ""0"", ""Time Tracked Milli"": ""519000""}",,,,,,
39,520.0,1500.0,360.0,detached,fffe,,,,,,,,router_a,9000,a674d74bdbecd7c3,0.0,0.0,0.0,0.0,,,,,,,otns_model_derived_at_ping,model_derived,1.0,-105.715,0,,,520.0,False,False,MutualInterference,minimal_end_device,med,enabled,True,packet_probe,"{""RxFailed"": ""0"", ""RxSuccess"": ""82"", ""TxFailed"": ""7"", ""TxSuccess"": ""50""}","{""Attach Attempts"": ""2"", ""Better Parent Attach Attempts"": ""1"", ""Better Partition Attach Attempts"": ""0"", ""Parent Changes"": ""0"", ""Partition Id Changes"": ""1"", ""Role Child"": ""1"", ""Role Detached"": ""2"", ""Role Disabled"": ""0"", ""Role Leader"": ""0"", ""Role Router"": ""0"", ""Time Child Milli"": ""510544"", ""Time Detached Milli"": ""9456"", ""Time Disabled Milli"": ""0"", ""Time Leader Milli"": ""0"", ""Time Router Milli"": ""0"", ""Time Tracked Milli"": ""520000""}",,,,,,
40,521.0,1500.0,360.0,detached,fffe,,,,,,,,,,,0.0,0.0,,,,,,,,,,,,,,,,,False,False,MutualInterference,minimal_end_device,med,enabled,True,packet_probe,"{""RxFailed"": ""0"", ""RxSuccess"": ""82"", ""TxFailed"": ""7"", ""TxSuccess"": ""52""}","{""Attach Attempts"": ""2"", ""Better Parent Attach Attempts"": ""1"", ""Better Partition Attach Attempts"": ""0"", ""Parent Changes"": ""0"", ""Partition Id Changes"": ""1"", ""Role Child"": ""1"", ""Role Detached"": ""2"", ""Role Disabled"": ""0"", ""Role Leader"": ""0"", ""Role Router"": ""0"", ""Time Child Milli"": ""510544"", ""Time Detached Milli"": ""10456"", ""Time Disabled Milli"": ""0"", ""Time Leader Milli"": ""0"", ""Time Router Milli"": ""0"", ""Time Tracked Milli"": ""521000""}",,,,,,
41,522.0,1500.0,360.0,detached,fffe,,,,,,,,,,,0.0,0.0,,,,,,,,,,,,,,,,,False,False,MutualInterference,minimal_end_device,med,enabled,True,packet_probe,"{""RxFailed"": ""0"", ""RxSuccess"": ""83"", ""TxFailed"": ""7"", ""TxSuccess"": ""52""}","{""Attach Attempts"": ""2"", ""Better Parent Attach Attempts"": ""1"", ""Better Partition Attach Attempts"": ""0"", ""Parent Changes"": ""0"", ""Partition Id Changes"": ""1"", ""Role Child"": ""1"", ""Role Detached"": ""2"", ""Role Disabled"": ""0"", ""Role Leader"": ""0"", ""Role Router"": ""0"", ""Time Child Milli"": ""510544"", ""Time Detached Milli"": ""11456"", ""Time Disabled Milli"": ""0"", ""Time Leader Milli"": ""0"", ""Time Router Milli"": ""0"", ""Time Tracked Milli"": ""522000""}",,,,,,
42,523.0,1500.0,360.0,child,8001,f262a9a43b2cc780,8000,router_c,3,3,0,5,,,,0.0,0.0,,,,,,,,,,,,,,,,,True,False,MutualInterference,minimal_end_device,med,enabled,True,packet_probe,"{""RxFailed"": ""0"", ""RxSuccess"": ""86"", ""TxFailed"": ""7"", ""TxSuccess"": ""54""}","{""Attach Attempts"": ""2"", ""Better Parent Attach Attempts"": ""1"", ""Better Partition Attach Attempts"": ""0"", ""Parent Changes"": ""1"", ""Partition Id Changes"": ""1"", ""Role Child"": ""2"", ""Role Detached"": ""2"", ""Role Disabled"": ""0"", ""Role Leader"": ""0"", ""Role Router"": ""0"", ""Time Child Milli"": ""511372"", ""Time Detached Milli"": ""11628"", ""Time Disabled Milli"": ""0"", ""Time Leader Milli"": ""0"", ""Time Router Milli"": ""0"", ""Time Tracked Milli"": ""523000""}",,,,,,
43,524.0,1500.0,360.0,child,8001,f262a9a43b2cc780,8000,router_c,3,3,1,5,router_c,9002,f262a9a43b2cc780,0.0,0.0,0.0,0.0,1,1,0.0,7.0,7.0,7.0,otns_model_derived_at_ping,model_derived,1.0,-86.146,1,-86.146,1,524.0,False,True,MutualInterference,minimal_end_device,med,enabled,True,packet_probe,"{""RxFailed"": ""0"", ""RxSuccess"": ""87"", ""TxFailed"": ""7"", ""TxSuccess"": ""55""}","{""Attach Attempts"": ""2"", ""Better Parent Attach Attempts"": ""1"", ""Better Partition Attach Attempts"": ""0"", ""Parent Changes"": ""1"", ""Partition Id Changes"": ""1"", ""Role Child"": ""2"", ""Role Detached"": ""2"", ""Role Disabled"": ""0"", ""Role Leader"": ""0"", ""Role Router"": ""0"", ""Time Child Milli"": ""512372"", ""Time Detached Milli"": ""11628"", ""Time Disabled Milli"": ""0"", ""Time Leader Milli"": ""0"", ""Time Router Milli"": ""0"", ""Time Tracked Milli"": ""524000""}",,,,,,
44,525.0,1500.0,360.0,child,8001,f262a9a43b2cc780,8000,router_c,3,3,2,5,router_c,9002,f262a9a43b2cc780,0.0,0.0,0.0,0.0,1,1,0.0,8.0,8.0,8.0,otns_model_derived_at_ping,model_derived,1.0,-86.146,1,-86.146,1,525.0,False,True,MutualInterference,minimal_end_device,med,enabled,True,packet_probe,"{""RxFailed"": ""0"", ""RxSuccess"": ""88"", ""TxFailed"": ""7"", ""TxSuccess"": ""56""}","{""Attach Attempts"": ""2"", ""Better Parent Attach Attempts"": ""1"", ""Better Partition Attach Attempts"": ""0"", ""Parent Changes"": ""1"", ""Partition Id Changes"": ""1"", ""Role Child"": ""2"", ""Role Detached"": ""2"", ""Role Disabled"": ""0"", ""Role Leader"": ""0"", ""Role Router"": ""0"", ""Time Child Milli"": ""513372"", ""Time Detached Milli"": ""11628"", ""Time Disabled Milli"": ""0"", ""Time Leader Milli"": ""0"", ""Time Router Milli"": ""0"", ""Time Tracked Milli"": ""525000""}",,,,,,
45,526.0,1500.0,360.0,child,8001,f262a9a43b2cc780,8000,router_c,3,3,0,5,router_c,9002,f262a9a43b2cc780,0.0,0.0,0.0,0.0,1,1,0.0,6.0,6.0,6.0,otns_model_derived_at_ping,model_derived,1.0,-86.146,1,-86.146,1,526.0,False,True,MutualInterference,minimal_end_device,med,enabled,True,packet_probe,"{""RxFailed"": ""0"", ""RxSuccess"": ""90"", ""TxFailed"": ""7"", ""TxSuccess"": ""57""}","{""Attach Attempts"": ""2"", ""Better Parent Attach Attempts"": ""1"", ""Better Partition Attach Attempts"": ""0"", ""Parent Changes"": ""1"", ""Partition Id Changes"": ""1"", ""Role Child"": ""2"", ""Role Detached"": ""2"", ""Role Disabled"": ""0"", ""Role Leader"": ""0"", ""Role Router"": ""0"", ""Time Child Milli"": ""514372"", ""Time Detached Milli"": ""11628"", ""Time Disabled Milli"": ""0"", ""Time Leader Milli"": ""0"", ""Time Router Milli"": ""0"", ""Time Tracked Milli"": ""526000""}",,,,,,
46,527.0,1500.0,360.0,child,8001,f262a9a43b2cc780,8000,router_c,3,3,1,5,router_c,9002,f262a9a43b2cc780,0.0,0.0,0.0,0.0,1,1,0.0,8.0,8.0,8.0,otns_model_derived_at_ping,model_derived,1.0,-86.146,1,-86.146,1,527.0,False,True,MutualInterference,minimal_end_device,med,enabled,True,packet_probe,"{""RxFailed"": ""0"", ""RxSuccess"": ""91"", ""TxFailed"": ""7"", ""TxSuccess"": ""58""}","{""Attach Attempts"": ""2"", ""Better Parent Attach Attempts"": ""1"", ""Better Partition Attach Attempts"": ""0"", ""Parent Changes"": ""1"", ""Partition Id Changes"": ""1"", ""Role Child"": ""2"", ""Role Detached"": ""2"", ""Role Disabled"": ""0"", ""Role Leader"": ""0"", ""Role Router"": ""0"", ""Time Child Milli"": ""515372"", ""Time Detached Milli"": ""11628"", ""Time Disabled Milli"": ""0"", ""Time Leader Milli"": ""0"", ""Time Router Milli"": ""0"", ""Time Tracked Milli"": ""527000""}",,,,,,
47,528.0,1500.0,360.0,child,8001,f262a9a43b2cc780,8000,router_c,3,3,0,5,router_c,9002,f262a9a43b2cc780,0.0,0.0,0.0,0.0,1,1,0.0,7.0,7.0,7.0,otns_model_derived_at_ping,model_derived,1.0,-86.146,1,-86.146,1,528.0,False,True,MutualInterference,minimal_end_device,med,enabled,True,packet_probe,"{""RxFailed"": ""0"", ""RxSuccess"": ""93"", ""TxFailed"": ""7"", ""TxSuccess"": ""59""}","{""Attach Attempts"": ""2"", ""Better Parent Attach Attempts"": ""1"", ""Better Partition Attach Attempts"": ""0"", ""Parent Changes"": ""1"", ""Partition Id Changes"": ""1"", ""Role Child"": ""2"", ""Role Detached"": ""2"", ""Role Disabled"": ""0"", ""Role Leader"": ""0"", ""Role Router"": ""0"", ""Time Child Milli"": ""516372"", ""Time Detached Milli"": ""11628"", ""Time Disabled Milli"": ""0"", ""Time Leader Milli"": ""0"", ""Time Router Milli"": ""0"", ""Time Tracked Milli"": ""528000""}",,,,,,
48,529.0,1500.0,360.0,child,8001,f262a9a43b2cc780,8000,router_c,3,3,1,5,router_c,9002,f262a9a43b2cc780,0.0,0.0,0.0,0.0,1,1,0.0,5.0,5.0,5.0,otns_model_derived_at_ping,model_derived,1.0,-86.146,1,-86.146,1,529.0,False,True,MutualInterference,minimal_end_device,med,enabled,True,packet_probe,"{""RxFailed"": ""0"", ""RxSuccess"": ""94"", ""TxFailed"": ""7"", ""TxSuccess"": ""60""}","{""Attach Attempts"": ""2"", ""Better Parent Attach Attempts"": ""1"", ""Better Partition Attach Attempts"": ""0"", ""Parent Changes"": ""1"", ""Partition Id Changes"": ""1"", ""Role Child"": ""2"", ""Role Detached"": ""2"", ""Role Disabled"": ""0"", ""Role Leader"": ""0"", ""Role Router"": ""0"", ""Time Child Milli"": ""517372"", ""Time Detached Milli"": ""11628"", ""Time Disabled Milli"": ""0"", ""Time Leader Milli"": ""0"", ""Time Router Milli"": ""0"", ""Time Tracked Milli"": ""529000""}",,,,,,
49,530.0,1500.0,360.0,child,8001,f262a9a43b2cc780,8000,router_c,3,3,2,5,router_c,9002,f262a9a43b2cc780,0.0,0.0,0.0,0.0,1,1,0.0,4.0,4.0,4.0,otns_model_derived_at_ping,model_derived,1.0,-86.146,1,-86.146,1,530.0,False,True,MutualInterference,minimal_end_device,med,enabled,True,packet_probe,"{""RxFailed"": ""0"", ""RxSuccess"": ""95"", ""TxFailed"": ""7"", ""TxSuccess"": ""61""}","{""Attach Attempts"": ""2"", ""Better Parent Attach Attempts"": ""1"", ""Better Partition Attach Attempts"": ""0"", ""Parent Changes"": ""1"", ""Partition Id Changes"": ""1"", ""Role Child"": ""2"", ""Role Detached"": ""2"", ""Role Disabled"": ""0"", ""Role Leader"": ""0"", ""Role Router"": ""0"", ""Time Child Milli"": ""518372"", ""Time Detached Milli"": ""11628"", ""Time Disabled Milli"": ""0"", ""Time Leader Milli"": ""0"", ""Time Router Milli"": ""0"", ""Time Tracked Milli"": ""530000""}",,,,,,
50,531.0,1500.0,360.0,child,8001,f262a9a43b2cc780,8000,router_c,3,3,3,5,router_c,9002,f262a9a43b2cc780,0.0,0.0,0.0,0.0,1,1,0.0,7.0,7.0,7.0,otns_model_derived_at_ping,model_derived,1.0,-86.146,1,-86.146,1,531.0,False,True,MutualInterference,minimal_end_device,med,enabled,True,packet_probe,"{""RxFailed"": ""0"", ""RxSuccess"": ""96"", ""TxFailed"": ""7"", ""TxSuccess"": ""62""}","{""Attach Attempts"": ""2"", ""Better Parent Attach Attempts"": ""1"", ""Better Partition Attach Attempts"": ""0"", ""Parent Changes"": ""1"", ""Partition Id Changes"": ""1"", ""Role Child"": ""2"", ""Role Detached"": ""2"", ""Role Disabled"": ""0"", ""Role Leader"": ""0"", ""Role Router"": ""0"", ""Time Child Milli"": ""519372"", ""Time Detached Milli"": ""11628"", ""Time Disabled Milli"": ""0"", ""Time Leader Milli"": ""0"", ""Time Router Milli"": ""0"", ""Time Tracked Milli"": ""531000""}",,,,,,
51,532.0,1500.0,360.0,child,8001,f262a9a43b2cc780,8000,router_c,3,3,4,5,router_c,9002,f262a9a43b2cc780,0.0,0.0,0.0,0.0,1,1,0.0,8.0,8.0,8.0,otns_model_derived_at_ping,model_derived,1.0,-86.146,1,-86.146,1,532.0,False,True,MutualInterference,minimal_end_device,med,enabled,True,packet_probe,"{""RxFailed"": ""0"", ""RxSuccess"": ""97"", ""TxFailed"": ""7"", ""TxSuccess"": ""63""}","{""Attach Attempts"": ""2"", ""Better Parent Attach Attempts"": ""1"", ""Better Partition Attach Attempts"": ""0"", ""Parent Changes"": ""1"", ""Partition Id Changes"": ""1"", ""Role Child"": ""2"", ""Role Detached"": ""2"", ""Role Disabled"": ""0"", ""Role Leader"": ""0"", ""Role Router"": ""0"", ""Time Child Milli"": ""520372"", ""Time Detached Milli"": ""11628"", ""Time Disabled Milli"": ""0"", ""Time Leader Milli"": ""0"", ""Time Router Milli"": ""0"", ""Time Tracked Milli"": ""532000""}",,,,,,
52,533.0,1500.0,360.0,child,8001,f262a9a43b2cc780,8000,router_c,3,3,5,5,router_c,9002,f262a9a43b2cc780,0.0,0.0,0.0,0.0,1,1,0.0,7.0,7.0,7.0,otns_model_derived_at_ping,model_derived,1.0,-86.146,1,-86.146,1,533.0,False,True,MutualInterference,minimal_end_device,med,enabled,True,packet_probe,"{""RxFailed"": ""0"", ""RxSuccess"": ""98"", ""TxFailed"": ""7"", ""TxSuccess"": ""64""}","{""Attach Attempts"": ""2"", ""Better Parent Attach Attempts"": ""1"", ""Better Partition Attach Attempts"": ""0"", ""Parent Changes"": ""1"", ""Partition Id Changes"": ""1"", ""Role Child"": ""2"", ""Role Detached"": ""2"", ""Role Disabled"": ""0"", ""Role Leader"": ""0"", ""Role Router"": ""0"", ""Time Child Milli"": ""521372"", ""Time Detached Milli"": ""11628"", ""Time Disabled Milli"": ""0"", ""Time Leader Milli"": ""0"", ""Time Router Milli"": ""0"", ""Time Tracked Milli"": ""533000""}",,,,,,
53,534.0,1500.0,360.0,child,8001,f262a9a43b2cc780,8000,router_c,3,3,6,5,router_c,9002,f262a9a43b2cc780,0.0,0.0,0.0,0.0,1,1,0.0,8.0,8.0,8.0,otns_model_derived_at_ping,model_derived,1.0,-86.146,1,-86.146,1,534.0,False,True,MutualInterference,minimal_end_device,med,enabled,True,packet_probe,"{""RxFailed"": ""0"", ""RxSuccess"": ""99"", ""TxFailed"": ""7"", ""TxSuccess"": ""65""}","{""Attach Attempts"": ""2"", ""Better Parent Attach Attempts"": ""1"", ""Better Partition Attach Attempts"": ""0"", ""Parent Changes"": ""1"", ""Partition Id Changes"": ""1"", ""Role Child"": ""2"", ""Role Detached"": ""2"", ""Role Disabled"": ""0"", ""Role Leader"": ""0"", ""Role Router"": ""0"", ""Time Child Milli"": ""522372"", ""Time Detached Milli"": ""11628"", ""Time Disabled Milli"": ""0"", ""Time Leader Milli"": ""0"", ""Time Router Milli"": ""0"", ""Time Tracked Milli"": ""534000""}",,,,,,
54,535.0,1500.0,360.0,child,8001,f262a9a43b2cc780,8000,router_c,3,3,7,5,router_c,9002,f262a9a43b2cc780,0.0,0.0,0.0,0.0,1,1,0.0,7.0,7.0,7.0,otns_model_derived_at_ping,model_derived,1.0,-86.146,1,-86.146,1,535.0,False,True,MutualInterference,minimal_end_device,med,enabled,True,packet_probe,"{""RxFailed"": ""0"", ""RxSuccess"": ""100"", ""TxFailed"": ""7"", ""TxSuccess"": ""66""}","{""Attach Attempts"": ""2"", ""Better Parent Attach Attempts"": ""1"", ""Better Partition Attach Attempts"": ""0"", ""Parent Changes"": ""1"", ""Partition Id Changes"": ""1"", ""Role Child"": ""2"", ""Role Detached"": ""2"", ""Role Disabled"": ""0"", ""Role Leader"": ""0"", ""Role Router"": ""0"", ""Time Child Milli"": ""523372"", ""Time Detached Milli"": ""11628"", ""Time Disabled Milli"": ""0"", ""Time Leader Milli"": ""0"", ""Time Router Milli"": ""0"", ""Time Tracked Milli"": ""535000""}",,,,,,
55,536.0,1500.0,360.0,child,8001,f262a9a43b2cc780,8000,router_c,3,3,0,5,router_c,9002,f262a9a43b2cc780,0.0,0.0,0.0,0.0,1,1,0.0,6.0,6.0,6.0,otns_model_derived_at_ping,model_derived,1.0,-86.146,1,-86.146,1,536.0,False,True,MutualInterference,minimal_end_device,med,enabled,True,packet_probe,"{""RxFailed"": ""0"", ""RxSuccess"": ""102"", ""TxFailed"": ""7"", ""TxSuccess"": ""67""}","{""Attach Attempts"": ""2"", ""Better Parent Attach Attempts"": ""1"", ""Better Partition Attach Attempts"": ""0"", ""Parent Changes"": ""1"", ""Partition Id Changes"": ""1"", ""Role Child"": ""2"", ""Role Detached"": ""2"", ""Role Disabled"": ""0"", ""Role Leader"": ""0"", ""Role Router"": ""0"", ""Time Child Milli"": ""524372"", ""Time Detached Milli"": ""11628"", ""Time Disabled Milli"": ""0"", ""Time Leader Milli"": ""0"", ""Time Router Milli"": ""0"", ""Time Tracked Milli"": ""536000""}",,,,,,
56,537.0,1500.0,360.0,child,8001,f262a9a43b2cc780,8000,router_c,3,3,1,5,router_c,9002,f262a9a43b2cc780,0.0,0.0,0.0,0.0,1,1,0.0,10.0,10.0,10.0,otns_model_derived_at_ping,model_derived,1.0,-86.146,1,-86.146,1,537.0,False,True,MutualInterference,minimal_end_device,med,enabled,True,packet_probe,"{""RxFailed"": ""0"", ""RxSuccess"": ""103"", ""TxFailed"": ""7"", ""TxSuccess"": ""68""}","{""Attach Attempts"": ""2"", ""Better Parent Attach Attempts"": ""1"", ""Better Partition Attach Attempts"": ""0"", ""Parent Changes"": ""1"", ""Partition Id Changes"": ""1"", ""Role Child"": ""2"", ""Role Detached"": ""2"", ""Role Disabled"": ""0"", ""Role Leader"": ""0"", ""Role Router"": ""0"", ""Time Child Milli"": ""525372"", ""Time Detached Milli"": ""11628"", ""Time Disabled Milli"": ""0"", ""Time Leader Milli"": ""0"", ""Time Router Milli"": ""0"", ""Time Tracked Milli"": ""537000""}",,,,,,
57,538.0,1500.0,360.0,child,8001,f262a9a43b2cc780,8000,router_c,3,3,2,5,router_c,9002,f262a9a43b2cc780,0.0,0.0,0.0,0.0,1,1,0.0,9.0,9.0,9.0,otns_model_derived_at_ping,model_derived,1.0,-86.146,1,-86.146,1,538.0,False,True,MutualInterference,minimal_end_device,med,enabled,True,packet_probe,"{""RxFailed"": ""0"", ""RxSuccess"": ""104"", ""TxFailed"": ""7"", ""TxSuccess"": ""69""}","{""Attach Attempts"": ""2"", ""Better Parent Attach Attempts"": ""1"", ""Better Partition Attach Attempts"": ""0"", ""Parent Changes"": ""1"", ""Partition Id Changes"": ""1"", ""Role Child"": ""2"", ""Role Detached"": ""2"", ""Role Disabled"": ""0"", ""Role Leader"": ""0"", ""Role Router"": ""0"", ""Time Child Milli"": ""526372"", ""Time Detached Milli"": ""11628"", ""Time Disabled Milli"": ""0"", ""Time Leader Milli"": ""0"", ""Time Router Milli"": ""0"", ""Time Tracked Milli"": ""538000""}",,,,,,
58,539.0,1500.0,360.0,child,8001,f262a9a43b2cc780,8000,router_c,3,3,3,5,router_c,9002,f262a9a43b2cc780,0.0,0.0,0.0,0.0,1,1,0.0,8.0,8.0,8.0,otns_model_derived_at_ping,model_derived,1.0,-86.146,1,-86.146,1,539.0,False,True,MutualInterference,minimal_end_device,med,enabled,True,packet_probe,"{""RxFailed"": ""0"", ""RxSuccess"": ""105"", ""TxFailed"": ""7"", ""TxSuccess"": ""70""}","{""Attach Attempts"": ""2"", ""Better Parent Attach Attempts"": ""1"", ""Better Partition Attach Attempts"": ""0"", ""Parent Changes"": ""1"", ""Partition Id Changes"": ""1"", ""Role Child"": ""2"", ""Role Detached"": ""2"", ""Role Disabled"": ""0"", ""Role Leader"": ""0"", ""Role Router"": ""0"", ""Time Child Milli"": ""527372"", ""Time Detached Milli"": ""11628"", ""Time Disabled Milli"": ""0"", ""Time Leader Milli"": ""0"", ""Time Router Milli"": ""0"", ""Time Tracked Milli"": ""539000""}",,,,,,
59,540.0,1500.0,360.0,child,8001,f262a9a43b2cc780,8000,router_c,3,3,4,5,router_c,9002,f262a9a43b2cc780,0.0,0.0,0.0,0.0,1,1,0.0,5.0,5.0,5.0,otns_model_derived_at_ping,model_derived,1.0,-86.146,1,-86.146,1,540.0,False,True,MutualInterference,minimal_end_device,med,enabled,True,packet_probe,"{""RxFailed"": ""0"", ""RxSuccess"": ""106"", ""TxFailed"": ""7"", ""TxSuccess"": ""71""}","{""Attach Attempts"": ""2"", ""Better Parent Attach Attempts"": ""1"", ""Better Partition Attach Attempts"": ""0"", ""Parent Changes"": ""1"", ""Partition Id Changes"": ""1"", ""Role Child"": ""2"", ""Role Detached"": ""2"", ""Role Disabled"": ""0"", ""Role Leader"": ""0"", ""Role Router"": ""0"", ""Time Child Milli"": ""528372"", ""Time Detached Milli"": ""11628"", ""Time Disabled Milli"": ""0"", ""Time Leader Milli"": ""0"", ""Time Router Milli"": ""0"", ""Time Tracked Milli"": ""540000""}",,,,,,
60,541.0,1500.0,360.0,child,8001,f262a9a43b2cc780,8000,router_c,3,3,5,5,router_c,9002,f262a9a43b2cc780,0.0,0.0,0.0,0.0,1,1,0.0,7.0,7.0,7.0,otns_model_derived_at_ping,model_derived,1.0,-86.146,1,-86.146,1,541.0,False,True,MutualInterference,minimal_end_device,med,enabled,True,packet_probe,"{""RxFailed"": ""0"", ""RxSuccess"": ""107"", ""TxFailed"": ""7"", ""TxSuccess"": ""72""}","{""Attach Attempts"": ""2"", ""Better Parent Attach Attempts"": ""1"", ""Better Partition Attach Attempts"": ""0"", ""Parent Changes"": ""1"", ""Partition Id Changes"": ""1"", ""Role Child"": ""2"", ""Role Detached"": ""2"", ""Role Disabled"": ""0"", ""Role Leader"": ""0"", ""Role Router"": ""0"", ""Time Child Milli"": ""529372"", ""Time Detached Milli"": ""11628"", ""Time Disabled Milli"": ""0"", ""Time Leader Milli"": ""0"", ""Time Router Milli"": ""0"", ""Time Tracked Milli"": ""541000""}",,,,,,
61,542.0,1500.0,360.0,child,8001,f262a9a43b2cc780,8000,router_c,3,3,6,5,router_c,9002,f262a9a43b2cc780,0.0,0.0,0.0,0.0,1,1,0.0,7.0,7.0,7.0,otns_model_derived_at_ping,model_derived,1.0,-86.146,1,-86.146,1,542.0,False,True,MutualInterference,minimal_end_device,med,enabled,True,packet_probe,"{""RxFailed"": ""0"", ""RxSuccess"": ""108"", ""TxFailed"": ""7"", ""TxSuccess"": ""73""}","{""Attach Attempts"": ""2"", ""Better Parent Attach Attempts"": ""1"", ""Better Partition Attach Attempts"": ""0"", ""Parent Changes"": ""1"", ""Partition Id Changes"": ""1"", ""Role Child"": ""2"", ""Role Detached"": ""2"", ""Role Disabled"": ""0"", ""Role Leader"": ""0"", ""Role Router"": ""0"", ""Time Child Milli"": ""530372"", ""Time Detached Milli"": ""11628"", ""Time Disabled Milli"": ""0"", ""Time Leader Milli"": ""0"", ""Time Router Milli"": ""0"", ""Time Tracked Milli"": ""542000""}",,,,,,
62,543.0,1500.0,360.0,child,8001,f262a9a43b2cc780,8000,router_c,3,3,7,5,router_c,9002,f262a9a43b2cc780,0.0,0.0,0.0,0.0,1,1,0.0,6.0,6.0,6.0,otns_model_derived_at_ping,model_derived,1.0,-86.146,1,-86.146,1,543.0,False,True,MutualInterference,minimal_end_device,med,enabled,True,packet_probe,"{""RxFailed"": ""0"", ""RxSuccess"": ""109"", ""TxFailed"": ""7"", ""TxSuccess"": ""74""}","{""Attach Attempts"": ""2"", ""Better Parent Attach Attempts"": ""1"", ""Better Partition Attach Attempts"": ""0"", ""Parent Changes"": ""1"", ""Partition Id Changes"": ""1"", ""Role Child"": ""2"", ""Role Detached"": ""2"", ""Role Disabled"": ""0"", ""Role Leader"": ""0"", ""Role Router"": ""0"", ""Time Child Milli"": ""531372"", ""Time Detached Milli"": ""11628"", ""Time Disabled Milli"": ""0"", ""Time Leader Milli"": ""0"", ""Time Router Milli"": ""0"", ""Time Tracked Milli"": ""543000""}",,,,,,
63,544.0,1500.0,360.0,child,8001,f262a9a43b2cc780,8000,router_c,3,3,8,5,router_c,9002,f262a9a43b2cc780,0.0,0.0,0.0,0.0,1,1,0.0,6.0,6.0,6.0,otns_model_derived_at_ping,model_derived,1.0,-86.146,1,-86.146,1,544.0,False,True,MutualInterference,minimal_end_device,med,enabled,True,packet_probe,"{""RxFailed"": ""0"", ""RxSuccess"": ""110"", ""TxFailed"": ""7"", ""TxSuccess"": ""75""}","{""Attach Attempts"": ""2"", ""Better Parent Attach Attempts"": ""1"", ""Better Partition Attach Attempts"": ""0"", ""Parent Changes"": ""1"", ""Partition Id Changes"": ""1"", ""Role Child"": ""2"", ""Role Detached"": ""2"", ""Role Disabled"": ""0"", ""Role Leader"": ""0"", ""Role Router"": ""0"", ""Time Child Milli"": ""532372"", ""Time Detached Milli"": ""11628"", ""Time Disabled Milli"": ""0"", ""Time Leader Milli"": ""0"", ""Time Router Milli"": ""0"", ""Time Tracked Milli"": ""544000""}",,,,,,
64,545.0,1500.0,360.0,child,8001,f262a9a43b2cc780,8000,router_c,3,3,0,5,router_c,9002,f262a9a43b2cc780,0.0,0.0,0.0,0.0,1,1,0.0,7.0,7.0,7.0,otns_model_derived_at_ping,model_derived,1.0,-86.146,1,-86.146,1,545.0,False,True,MutualInterference,minimal_end_device,med,enabled,True,packet_probe,"{""RxFailed"": ""0"", ""RxSuccess"": ""112"", ""TxFailed"": ""7"", ""TxSuccess"": ""76""}","{""Attach Attempts"": ""2"", ""Better Parent Attach Attempts"": ""1"", ""Better Partition Attach Attempts"": ""0"", ""Parent Changes"": ""1"", ""Partition Id Changes"": ""1"", ""Role Child"": ""2"", ""Role Detached"": ""2"", ""Role Disabled"": ""0"", ""Role Leader"": ""0"", ""Role Router"": ""0"", ""Time Child Milli"": ""533372"", ""Time Detached Milli"": ""11628"", ""Time Disabled Milli"": ""0"", ""Time Leader Milli"": ""0"", ""Time Router Milli"": ""0"", ""Time Tracked Milli"": ""545000""}",,,,,,
65,546.0,1500.0,360.0,child,8001,f262a9a43b2cc780,8000,router_c,3,3,1,5,router_c,9002,f262a9a43b2cc780,0.0,0.0,0.0,0.0,1,1,0.0,7.0,7.0,7.0,otns_model_derived_at_ping,model_derived,1.0,-86.146,1,-86.146,1,546.0,False,True,MutualInterference,minimal_end_device,med,enabled,True,packet_probe,"{""RxFailed"": ""0"", ""RxSuccess"": ""113"", ""TxFailed"": ""7"", ""TxSuccess"": ""77""}","{""Attach Attempts"": ""2"", ""Better Parent Attach Attempts"": ""1"", ""Better Partition Attach Attempts"": ""0"", ""Parent Changes"": ""1"", ""Partition Id Changes"": ""1"", ""Role Child"": ""2"", ""Role Detached"": ""2"", ""Role Disabled"": ""0"", ""Role Leader"": ""0"", ""Role Router"": ""0"", ""Time Child Milli"": ""534372"", ""Time Detached Milli"": ""11628"", ""Time Disabled Milli"": ""0"", ""Time Leader Milli"": ""0"", ""Time Router Milli"": ""0"", ""Time Tracked Milli"": ""546000""}",,,,,,
66,547.0,1500.0,360.0,child,8001,f262a9a43b2cc780,8000,router_c,3,3,2,5,router_c,9002,f262a9a43b2cc780,0.0,0.0,0.0,0.0,1,1,0.0,6.0,6.0,6.0,otns_model_derived_at_ping,model_derived,1.0,-86.146,1,-86.146,1,547.0,False,True,MutualInterference,minimal_end_device,med,enabled,True,packet_probe,"{""RxFailed"": ""0"", ""RxSuccess"": ""114"", ""TxFailed"": ""7"", ""TxSuccess"": ""78""}","{""Attach Attempts"": ""2"", ""Better Parent Attach Attempts"": ""1"", ""Better Partition Attach Attempts"": ""0"", ""Parent Changes"": ""1"", ""Partition Id Changes"": ""1"", ""Role Child"": ""2"", ""Role Detached"": ""2"", ""Role Disabled"": ""0"", ""Role Leader"": ""0"", ""Role Router"": ""0"", ""Time Child Milli"": ""535372"", ""Time Detached Milli"": ""11628"", ""Time Disabled Milli"": ""0"", ""Time Leader Milli"": ""0"", ""Time Router Milli"": ""0"", ""Time Tracked Milli"": ""547000""}",,,,,,
67,548.0,1500.0,360.0,child,8001,f262a9a43b2cc780,8000,router_c,3,3,3,5,router_c,9002,f262a9a43b2cc780,0.0,0.0,0.0,0.0,1,1,0.0,5.0,5.0,5.0,otns_model_derived_at_ping,model_derived,1.0,-86.146,1,-86.146,1,548.0,False,True,MutualInterference,minimal_end_device,med,enabled,True,packet_probe,"{""RxFailed"": ""0"", ""RxSuccess"": ""115"", ""TxFailed"": ""7"", ""TxSuccess"": ""79""}","{""Attach Attempts"": ""2"", ""Better Parent Attach Attempts"": ""1"", ""Better Partition Attach Attempts"": ""0"", ""Parent Changes"": ""1"", ""Partition Id Changes"": ""1"", ""Role Child"": ""2"", ""Role Detached"": ""2"", ""Role Disabled"": ""0"", ""Role Leader"": ""0"", ""Role Router"": ""0"", ""Time Child Milli"": ""536372"", ""Time Detached Milli"": ""11628"", ""Time Disabled Milli"": ""0"", ""Time Leader Milli"": ""0"", ""Time Router Milli"": ""0"", ""Time Tracked Milli"": ""548000""}",,,,,,
68,549.0,1500.0,360.0,child,8001,f262a9a43b2cc780,8000,router_c,3,3,4,5,router_c,9002,f262a9a43b2cc780,0.0,0.0,0.0,0.0,1,1,0.0,7.0,7.0,7.0,otns_model_derived_at_ping,model_derived,1.0,-86.146,1,-86.146,1,549.0,False,True,MutualInterference,minimal_end_device,med,enabled,True,packet_probe,"{""RxFailed"": ""0"", ""RxSuccess"": ""116"", ""TxFailed"": ""7"", ""TxSuccess"": ""80""}","{""Attach Attempts"": ""2"", ""Better Parent Attach Attempts"": ""1"", ""Better Partition Attach Attempts"": ""0"", ""Parent Changes"": ""1"", ""Partition Id Changes"": ""1"", ""Role Child"": ""2"", ""Role Detached"": ""2"", ""Role Disabled"": ""0"", ""Role Leader"": ""0"", ""Role Router"": ""0"", ""Time Child Milli"": ""537372"", ""Time Detached Milli"": ""11628"", ""Time Disabled Milli"": ""0"", ""Time Leader Milli"": ""0"", ""Time Router Milli"": ""0"", ""Time Tracked Milli"": ""549000""}",,,,,,
69,550.0,1500.0,360.0,child,8001,f262a9a43b2cc780,8000,router_c,3,3,5,5,router_c,9002,f262a9a43b2cc780,0.0,0.0,0.0,0.0,1,1,0.0,10.0,10.0,10.0,otns_model_derived_at_ping,model_derived,1.0,-86.146,1,-86.146,1,550.0,False,True,MutualInterference,minimal_end_device,med,enabled,True,packet_probe,"{""RxFailed"": ""0"", ""RxSuccess"": ""117"", ""TxFailed"": ""7"", ""TxSuccess"": ""81""}","{""Attach Attempts"": ""2"", ""Better Parent Attach Attempts"": ""1"", ""Better Partition Attach Attempts"": ""0"", ""Parent Changes"": ""1"", ""Partition Id Changes"": ""1"", ""Role Child"": ""2"", ""Role Detached"": ""2"", ""Role Disabled"": ""0"", ""Role Leader"": ""0"", ""Role Router"": ""0"", ""Time Child Milli"": ""538372"", ""Time Detached Milli"": ""11628"", ""Time Disabled Milli"": ""0"", ""Time Leader Milli"": ""0"", ""Time Router Milli"": ""0"", ""Time Tracked Milli"": ""550000""}",,,,,,
70,551.0,1500.0,360.0,child,8001,f262a9a43b2cc780,8000,router_c,3,3,6,5,router_c,9002,f262a9a43b2cc780,0.0,0.0,0.0,0.0,1,1,0.0,9.0,9.0,9.0,otns_model_derived_at_ping,model_derived,1.0,-86.146,1,-86.146,1,551.0,False,True,MutualInterference,minimal_end_device,med,enabled,True,packet_probe,"{""RxFailed"": ""0"", ""RxSuccess"": ""118"", ""TxFailed"": ""7"", ""TxSuccess"": ""82""}","{""Attach Attempts"": ""2"", ""Better Parent Attach Attempts"": ""1"", ""Better Partition Attach Attempts"": ""0"", ""Parent Changes"": ""1"", ""Partition Id Changes"": ""1"", ""Role Child"": ""2"", ""Role Detached"": ""2"", ""Role Disabled"": ""0"", ""Role Leader"": ""0"", ""Role Router"": ""0"", ""Time Child Milli"": ""539372"", ""Time Detached Milli"": ""11628"", ""Time Disabled Milli"": ""0"", ""Time Leader Milli"": ""0"", ""Time Router Milli"": ""0"", ""Time Tracked Milli"": ""551000""}",,,,,,
71,552.0,1500.0,360.0,child,8001,f262a9a43b2cc780,8000,router_c,3,3,7,5,router_c,9002,f262a9a43b2cc780,0.0,0.0,0.0,0.0,1,1,0.0,10.0,10.0,10.0,otns_model_derived_at_ping,model_derived,1.0,-86.146,1,-86.146,1,552.0,False,True,MutualInterference,minimal_end_device,med,enabled,True,packet_probe,"{""RxFailed"": ""0"", ""RxSuccess"": ""119"", ""TxFailed"": ""7"", ""TxSuccess"": ""83""}","{""Attach Attempts"": ""2"", ""Better Parent Attach Attempts"": ""1"", ""Better Partition Attach Attempts"": ""0"", ""Parent Changes"": ""1"", ""Partition Id Changes"": ""1"", ""Role Child"": ""2"", ""Role Detached"": ""2"", ""Role Disabled"": ""0"", ""Role Leader"": ""0"", ""Role Router"": ""0"", ""Time Child Milli"": ""540372"", ""Time Detached Milli"": ""11628"", ""Time Disabled Milli"": ""0"", ""Time Leader Milli"": ""0"", ""Time Router Milli"": ""0"", ""Time Tracked Milli"": ""552000""}",,,,,,
72,553.0,1500.0,360.0,child,8001,f262a9a43b2cc780,8000,router_c,3,3,8,5,router_c,9002,f262a9a43b2cc780,0.0,0.0,0.0,0.0,1,1,0.0,7.0,7.0,7.0,otns_model_derived_at_ping,model_derived,1.0,-86.146,1,-86.146,1,553.0,False,True,MutualInterference,minimal_end_device,med,enabled,True,packet_probe,"{""RxFailed"": ""0"", ""RxSuccess"": ""120"", ""TxFailed"": ""7"", ""TxSuccess"": ""84""}","{""Attach Attempts"": ""2"", ""Better Parent Attach Attempts"": ""1"", ""Better Partition Attach Attempts"": ""0"", ""Parent Changes"": ""1"", ""Partition Id Changes"": ""1"", ""Role Child"": ""2"", ""Role Detached"": ""2"", ""Role Disabled"": ""0"", ""Role Leader"": ""0"", ""Role Router"": ""0"", ""Time Child Milli"": ""541372"", ""Time Detached Milli"": ""11628"", ""Time Disabled Milli"": ""0"", ""Time Leader Milli"": ""0"", ""Time Router Milli"": ""0"", ""Time Tracked Milli"": ""553000""}",,,,,,
73,554.0,1500.0,360.0,child,8001,f262a9a43b2cc780,8000,router_c,3,3,9,5,router_c,9002,f262a9a43b2cc780,0.0,0.0,0.0,0.0,1,1,0.0,9.0,9.0,9.0,otns_model_derived_at_ping,model_derived,1.0,-86.146,1,-86.146,1,554.0,False,True,MutualInterference,minimal_end_device,med,enabled,True,packet_probe,"{""RxFailed"": ""0"", ""RxSuccess"": ""121"", ""TxFailed"": ""7"", ""TxSuccess"": ""85""}","{""Attach Attempts"": ""2"", ""Better Parent Attach Attempts"": ""1"", ""Better Partition Attach Attempts"": ""0"", ""Parent Changes"": ""1"", ""Partition Id Changes"": ""1"", ""Role Child"": ""2"", ""Role Detached"": ""2"", ""Role Disabled"": ""0"", ""Role Leader"": ""0"", ""Role Router"": ""0"", ""Time Child Milli"": ""542372"", ""Time Detached Milli"": ""11628"", ""Time Disabled Milli"": ""0"", ""Time Leader Milli"": ""0"", ""Time Router Milli"": ""0"", ""Time Tracked Milli"": ""554000""}",,,,,,
74,555.0,1500.0,360.0,child,8001,f262a9a43b2cc780,8000,router_c,3,3,10,5,router_c,9002,f262a9a43b2cc780,0.0,0.0,0.0,0.0,1,1,0.0,12.0,12.0,12.0,otns_model_derived_at_ping,model_derived,1.0,-86.146,1,-86.146,1,555.0,False,True,MutualInterference,minimal_end_device,med,enabled,True,packet_probe,"{""RxFailed"": ""0"", ""RxSuccess"": ""123"", ""TxFailed"": ""7"", ""TxSuccess"": ""87""}","{""Attach Attempts"": ""2"", ""Better Parent Attach Attempts"": ""2"", ""Better Partition Attach Attempts"": ""0"", ""Parent Changes"": ""1"", ""Partition Id Changes"": ""1"", ""Role Child"": ""2"", ""Role Detached"": ""2"", ""Role Disabled"": ""0"", ""Role Leader"": ""0"", ""Role Router"": ""0"", ""Time Child Milli"": ""543372"", ""Time Detached Milli"": ""11628"", ""Time Disabled Milli"": ""0"", ""Time Leader Milli"": ""0"", ""Time Router Milli"": ""0"", ""Time Tracked Milli"": ""555000""}",,,,,,
75,556.0,1500.0,360.0,child,8001,f262a9a43b2cc780,8000,router_c,3,3,11,5,router_c,9002,f262a9a43b2cc780,0.0,0.0,0.0,0.0,1,1,0.0,6.0,6.0,6.0,otns_model_derived_at_ping,model_derived,1.0,-86.146,1,-86.146,1,556.0,False,True,MutualInterference,minimal_end_device,med,enabled,True,packet_probe,"{""RxFailed"": ""0"", ""RxSuccess"": ""125"", ""TxFailed"": ""7"", ""TxSuccess"": ""89""}","{""Attach Attempts"": ""2"", ""Better Parent Attach Attempts"": ""2"", ""Better Partition Attach Attempts"": ""0"", ""Parent Changes"": ""1"", ""Partition Id Changes"": ""1"", ""Role Child"": ""2"", ""Role Detached"": ""2"", ""Role Disabled"": ""0"", ""Role Leader"": ""0"", ""Role Router"": ""0"", ""Time Child Milli"": ""544372"", ""Time Detached Milli"": ""11628"", ""Time Disabled Milli"": ""0"", ""Time Leader Milli"": ""0"", ""Time Router Milli"": ""0"", ""Time Tracked Milli"": ""556000""}",,,,,,
76,557.0,1500.0,360.0,child,8001,f262a9a43b2cc780,8000,router_c,3,3,12,5,router_c,9002,f262a9a43b2cc780,0.0,0.0,0.0,0.0,1,1,0.0,7.0,7.0,7.0,otns_model_derived_at_ping,model_derived,1.0,-86.146,1,-86.146,1,557.0,False,True,MutualInterference,minimal_end_device,med,enabled,True,packet_probe,"{""RxFailed"": ""0"", ""RxSuccess"": ""126"", ""TxFailed"": ""7"", ""TxSuccess"": ""90""}","{""Attach Attempts"": ""2"", ""Better Parent Attach Attempts"": ""2"", ""Better Partition Attach Attempts"": ""0"", ""Parent Changes"": ""1"", ""Partition Id Changes"": ""1"", ""Role Child"": ""2"", ""Role Detached"": ""2"", ""Role Disabled"": ""0"", ""Role Leader"": ""0"", ""Role Router"": ""0"", ""Time Child Milli"": ""545372"", ""Time Detached Milli"": ""11628"", ""Time Disabled Milli"": ""0"", ""Time Leader Milli"": ""0"", ""Time Router Milli"": ""0"", ""Time Tracked Milli"": ""557000""}",,,,,,
77,558.0,1500.0,360.0,child,8001,f262a9a43b2cc780,8000,router_c,3,3,0,5,router_c,9002,f262a9a43b2cc780,0.0,0.0,0.0,0.0,1,1,0.0,8.0,8.0,8.0,otns_model_derived_at_ping,model_derived,1.0,-86.146,1,-86.146,1,558.0,False,True,MutualInterference,minimal_end_device,med,enabled,True,packet_probe,"{""RxFailed"": ""0"", ""RxSuccess"": ""128"", ""TxFailed"": ""7"", ""TxSuccess"": ""91""}","{""Attach Attempts"": ""2"", ""Better Parent Attach Attempts"": ""2"", ""Better Partition Attach Attempts"": ""0"", ""Parent Changes"": ""1"", ""Partition Id Changes"": ""1"", ""Role Child"": ""2"", ""Role Detached"": ""2"", ""Role Disabled"": ""0"", ""Role Leader"": ""0"", ""Role Router"": ""0"", ""Time Child Milli"": ""546372"", ""Time Detached Milli"": ""11628"", ""Time Disabled Milli"": ""0"", ""Time Leader Milli"": ""0"", ""Time Router Milli"": ""0"", ""Time Tracked Milli"": ""558000""}",,,,,,
78,559.0,1500.0,360.0,child,8001,f262a9a43b2cc780,8000,router_c,3,3,1,5,router_c,9002,f262a9a43b2cc780,0.0,0.0,0.0,0.0,1,1,0.0,7.0,7.0,7.0,otns_model_derived_at_ping,model_derived,1.0,-86.146,1,-86.146,1,559.0,False,True,MutualInterference,minimal_end_device,med,enabled,True,packet_probe,"{""RxFailed"": ""0"", ""RxSuccess"": ""129"", ""TxFailed"": ""7"", ""TxSuccess"": ""92""}","{""Attach Attempts"": ""2"", ""Better Parent Attach Attempts"": ""2"", ""Better Partition Attach Attempts"": ""0"", ""Parent Changes"": ""1"", ""Partition Id Changes"": ""1"", ""Role Child"": ""2"", ""Role Detached"": ""2"", ""Role Disabled"": ""0"", ""Role Leader"": ""0"", ""Role Router"": ""0"", ""Time Child Milli"": ""547372"", ""Time Detached Milli"": ""11628"", ""Time Disabled Milli"": ""0"", ""Time Leader Milli"": ""0"", ""Time Router Milli"": ""0"", ""Time Tracked Milli"": ""559000""}",,,,,,
79,560.0,1500.0,360.0,child,8001,f262a9a43b2cc780,8000,router_c,3,3,2,5,router_c,9002,f262a9a43b2cc780,0.0,0.0,0.0,0.0,1,1,0.0,5.0,5.0,5.0,otns_model_derived_at_ping,model_derived,1.0,-86.146,1,-86.146,1,560.0,False,True,MutualInterference,minimal_end_device,med,enabled,True,packet_probe,"{""RxFailed"": ""0"", ""RxSuccess"": ""130"", ""TxFailed"": ""7"", ""TxSuccess"": ""93""}","{""Attach Attempts"": ""2"", ""Better Parent Attach Attempts"": ""2"", ""Better Partition Attach Attempts"": ""0"", ""Parent Changes"": ""1"", ""Partition Id Changes"": ""1"", ""Role Child"": ""2"", ""Role Detached"": ""2"", ""Role Disabled"": ""0"", ""Role Leader"": ""0"", ""Role Router"": ""0"", ""Time Child Milli"": ""548372"", ""Time Detached Milli"": ""11628"", ""Time Disabled Milli"": ""0"", ""Time Leader Milli"": ""0"", ""Time Router Milli"": ""0"", ""Time Tracked Milli"": ""560000""}",,,,,,
80,561.0,1500.0,360.0,child,8001,f262a9a43b2cc780,8000,router_c,3,3,3,5,router_c,9002,f262a9a43b2cc780,0.0,0.0,0.0,0.0,1,1,0.0,7.0,7.0,7.0,otns_model_derived_at_ping,model_derived,1.0,-86.146,1,-86.146,1,561.0,False,True,MutualInterference,minimal_end_device,med,enabled,True,packet_probe,"{""RxFailed"": ""0"", ""RxSuccess"": ""131"", ""TxFailed"": ""7"", ""TxSuccess"": ""94""}","{""Attach Attempts"": ""2"", ""Better Parent Attach Attempts"": ""2"", ""Better Partition Attach Attempts"": ""0"", ""Parent Changes"": ""1"", ""Partition Id Changes"": ""1"", ""Role Child"": ""2"", ""Role Detached"": ""2"", ""Role Disabled"": ""0"", ""Role Leader"": ""0"", ""Role Router"": ""0"", ""Time Child Milli"": ""549372"", ""Time Detached Milli"": ""11628"", ""Time Disabled Milli"": ""0"", ""Time Leader Milli"": ""0"", ""Time Router Milli"": ""0"", ""Time Tracked Milli"": ""561000""}",,,,,,
81,562.0,1500.0,360.0,child,8001,f262a9a43b2cc780,8000,router_c,3,3,4,5,router_c,9002,f262a9a43b2cc780,0.0,0.0,0.0,0.0,1,1,0.0,7.0,7.0,7.0,otns_model_derived_at_ping,model_derived,1.0,-86.146,1,-86.146,1,562.0,False,True,MutualInterference,minimal_end_device,med,enabled,True,packet_probe,"{""RxFailed"": ""0"", ""RxSuccess"": ""132"", ""TxFailed"": ""7"", ""TxSuccess"": ""95""}","{""Attach Attempts"": ""2"", ""Better Parent Attach Attempts"": ""2"", ""Better Partition Attach Attempts"": ""0"", ""Parent Changes"": ""1"", ""Partition Id Changes"": ""1"", ""Role Child"": ""2"", ""Role Detached"": ""2"", ""Role Disabled"": ""0"", ""Role Leader"": ""0"", ""Role Router"": ""0"", ""Time Child Milli"": ""550372"", ""Time Detached Milli"": ""11628"", ""Time Disabled Milli"": ""0"", ""Time Leader Milli"": ""0"", ""Time Router Milli"": ""0"", ""Time Tracked Milli"": ""562000""}",,,,,,
82,563.0,1500.0,360.0,child,8001,f262a9a43b2cc780,8000,router_c,3,3,5,5,router_c,9002,f262a9a43b2cc780,0.0,0.0,0.0,0.0,1,1,0.0,6.0,6.0,6.0,otns_model_derived_at_ping,model_derived,1.0,-86.146,1,-86.146,1,563.0,False,True,MutualInterference,minimal_end_device,med,enabled,True,packet_probe,"{""RxFailed"": ""0"", ""RxSuccess"": ""133"", ""TxFailed"": ""7"", ""TxSuccess"": ""96""}","{""Attach Attempts"": ""2"", ""Better Parent Attach Attempts"": ""2"", ""Better Partition Attach Attempts"": ""0"", ""Parent Changes"": ""1"", ""Partition Id Changes"": ""1"", ""Role Child"": ""2"", ""Role Detached"": ""2"", ""Role Disabled"": ""0"", ""Role Leader"": ""0"", ""Role Router"": ""0"", ""Time Child Milli"": ""551372"", ""Time Detached Milli"": ""11628"", ""Time Disabled Milli"": ""0"", ""Time Leader Milli"": ""0"", ""Time Router Milli"": ""0"", ""Time Tracked Milli"": ""563000""}",,,,,,
83,564.0,1500.0,360.0,child,8001,f262a9a43b2cc780,8000,router_c,3,3,6,5,router_c,9002,f262a9a43b2cc780,0.0,0.0,0.0,0.0,1,1,0.0,7.0,7.0,7.0,otns_model_derived_at_ping,model_derived,1.0,-86.146,1,-86.146,1,564.0,False,True,MutualInterference,minimal_end_device,med,enabled,True,packet_probe,"{""RxFailed"": ""0"", ""RxSuccess"": ""134"", ""TxFailed"": ""7"", ""TxSuccess"": ""97""}","{""Attach Attempts"": ""2"", ""Better Parent Attach Attempts"": ""2"", ""Better Partition Attach Attempts"": ""0"", ""Parent Changes"": ""1"", ""Partition Id Changes"": ""1"", ""Role Child"": ""2"", ""Role Detached"": ""2"", ""Role Disabled"": ""0"", ""Role Leader"": ""0"", ""Role Router"": ""0"", ""Time Child Milli"": ""552372"", ""Time Detached Milli"": ""11628"", ""Time Disabled Milli"": ""0"", ""Time Leader Milli"": ""0"", ""Time Router Milli"": ""0"", ""Time Tracked Milli"": ""564000""}",,,,,,
84,565.0,1500.0,360.0,child,8001,f262a9a43b2cc780,8000,router_c,3,3,7,5,router_c,9002,f262a9a43b2cc780,0.0,0.0,0.0,0.0,1,1,0.0,6.0,6.0,6.0,otns_model_derived_at_ping,model_derived,1.0,-86.146,1,-86.146,1,565.0,False,True,MutualInterference,minimal_end_device,med,enabled,True,packet_probe,"{""RxFailed"": ""0"", ""RxSuccess"": ""135"", ""TxFailed"": ""7"", ""TxSuccess"": ""98""}","{""Attach Attempts"": ""2"", ""Better Parent Attach Attempts"": ""2"", ""Better Partition Attach Attempts"": ""0"", ""Parent Changes"": ""1"", ""Partition Id Changes"": ""1"", ""Role Child"": ""2"", ""Role Detached"": ""2"", ""Role Disabled"": ""0"", ""Role Leader"": ""0"", ""Role Router"": ""0"", ""Time Child Milli"": ""553372"", ""Time Detached Milli"": ""11628"", ""Time Disabled Milli"": ""0"", ""Time Leader Milli"": ""0"", ""Time Router Milli"": ""0"", ""Time Tracked Milli"": ""565000""}",,,,,,
85,566.0,1500.0,360.0,child,8001,f262a9a43b2cc780,8000,router_c,3,3,8,5,router_c,9002,f262a9a43b2cc780,0.0,0.0,0.0,0.0,1,1,0.0,7.0,7.0,7.0,otns_model_derived_at_ping,model_derived,1.0,-86.146,1,-86.146,1,566.0,False,True,MutualInterference,minimal_end_device,med,enabled,True,packet_probe,"{""RxFailed"": ""0"", ""RxSuccess"": ""136"", ""TxFailed"": ""7"", ""TxSuccess"": ""99""}","{""Attach Attempts"": ""2"", ""Better Parent Attach Attempts"": ""2"", ""Better Partition Attach Attempts"": ""0"", ""Parent Changes"": ""1"", ""Partition Id Changes"": ""1"", ""Role Child"": ""2"", ""Role Detached"": ""2"", ""Role Disabled"": ""0"", ""Role Leader"": ""0"", ""Role Router"": ""0"", ""Time Child Milli"": ""554372"", ""Time Detached Milli"": ""11628"", ""Time Disabled Milli"": ""0"", ""Time Leader Milli"": ""0"", ""Time Router Milli"": ""0"", ""Time Tracked Milli"": ""566000""}",,,,,,
86,567.0,1500.0,360.0,child,8001,f262a9a43b2cc780,8000,router_c,3,3,9,5,router_c,9002,f262a9a43b2cc780,0.0,0.0,0.0,0.0,1,1,0.0,7.0,7.0,7.0,otns_model_derived_at_ping,model_derived,1.0,-86.146,1,-86.146,1,567.0,False,True,MutualInterference,minimal_end_device,med,enabled,True,packet_probe,"{""RxFailed"": ""0"", ""RxSuccess"": ""137"", ""TxFailed"": ""7"", ""TxSuccess"": ""100""}","{""Attach Attempts"": ""2"", ""Better Parent Attach Attempts"": ""2"", ""Better Partition Attach Attempts"": ""0"", ""Parent Changes"": ""1"", ""Partition Id Changes"": ""1"", ""Role Child"": ""2"", ""Role Detached"": ""2"", ""Role Disabled"": ""0"", ""Role Leader"": ""0"", ""Role Router"": ""0"", ""Time Child Milli"": ""555372"", ""Time Detached Milli"": ""11628"", ""Time Disabled Milli"": ""0"", ""Time Leader Milli"": ""0"", ""Time Router Milli"": ""0"", ""Time Tracked Milli"": ""567000""}",,,,,,
87,568.0,1500.0,360.0,child,8001,f262a9a43b2cc780,8000,router_c,3,3,10,5,router_c,9002,f262a9a43b2cc780,0.0,0.0,0.0,0.0,1,1,0.0,7.0,7.0,7.0,otns_model_derived_at_ping,model_derived,1.0,-86.146,1,-86.146,1,568.0,False,True,MutualInterference,minimal_end_device,med,enabled,True,packet_probe,"{""RxFailed"": ""0"", ""RxSuccess"": ""138"", ""TxFailed"": ""7"", ""TxSuccess"": ""101""}","{""Attach Attempts"": ""2"", ""Better Parent Attach Attempts"": ""2"", ""Better Partition Attach Attempts"": ""0"", ""Parent Changes"": ""1"", ""Partition Id Changes"": ""1"", ""Role Child"": ""2"", ""Role Detached"": ""2"", ""Role Disabled"": ""0"", ""Role Leader"": ""0"", ""Role Router"": ""0"", ""Time Child Milli"": ""556372"", ""Time Detached Milli"": ""11628"", ""Time Disabled Milli"": ""0"", ""Time Leader Milli"": ""0"", ""Time Router Milli"": ""0"", ""Time Tracked Milli"": ""568000""}",,,,,,
88,569.0,1500.0,360.0,child,8001,f262a9a43b2cc780,8000,router_c,3,3,11,5,router_c,9002,f262a9a43b2cc780,0.0,0.0,0.0,0.0,1,1,0.0,7.0,7.0,7.0,otns_model_derived_at_ping,model_derived,1.0,-86.146,1,-86.146,1,569.0,False,True,MutualInterference,minimal_end_device,med,enabled,True,packet_probe,"{""RxFailed"": ""0"", ""RxSuccess"": ""139"", ""TxFailed"": ""7"", ""TxSuccess"": ""102""}","{""Attach Attempts"": ""2"", ""Better Parent Attach Attempts"": ""2"", ""Better Partition Attach Attempts"": ""0"", ""Parent Changes"": ""1"", ""Partition Id Changes"": ""1"", ""Role Child"": ""2"", ""Role Detached"": ""2"", ""Role Disabled"": ""0"", ""Role Leader"": ""0"", ""Role Router"": ""0"", ""Time Child Milli"": ""557372"", ""Time Detached Milli"": ""11628"", ""Time Disabled Milli"": ""0"", ""Time Leader Milli"": ""0"", ""Time Router Milli"": ""0"", ""Time Tracked Milli"": ""569000""}",,,,,,
89,570.0,1500.0,360.0,child,8001,f262a9a43b2cc780,8000,router_c,3,3,0,5,router_c,9002,f262a9a43b2cc780,0.0,0.0,0.0,0.0,1,1,0.0,6.0,6.0,6.0,otns_model_derived_at_ping,model_derived,1.0,-86.146,1,-86.146,1,570.0,False,True,MutualInterference,minimal_end_device,med,enabled,True,packet_probe,"{""RxFailed"": ""0"", ""RxSuccess"": ""141"", ""TxFailed"": ""7"", ""TxSuccess"": ""103""}","{""Attach Attempts"": ""2"", ""Better Parent Attach Attempts"": ""2"", ""Better Partition Attach Attempts"": ""0"", ""Parent Changes"": ""1"", ""Partition Id Changes"": ""1"", ""Role Child"": ""2"", ""Role Detached"": ""2"", ""Role Disabled"": ""0"", ""Role Leader"": ""0"", ""Role Router"": ""0"", ""Time Child Milli"": ""558372"", ""Time Detached Milli"": ""11628"", ""Time Disabled Milli"": ""0"", ""Time Leader Milli"": ""0"", ""Time Router Milli"": ""0"", ""Time Tracked Milli"": ""570000""}",,,,,,
90,571.0,1500.0,360.0,child,8001,f262a9a43b2cc780,8000,router_c,3,3,1,5,router_c,9002,f262a9a43b2cc780,0.0,0.0,0.0,0.0,1,1,0.0,5.0,5.0,5.0,otns_model_derived_at_ping,model_derived,1.0,-86.146,1,-86.146,1,571.0,False,True,MutualInterference,minimal_end_device,med,enabled,True,packet_probe,"{""RxFailed"": ""0"", ""RxSuccess"": ""142"", ""TxFailed"": ""7"", ""TxSuccess"": ""104""}","{""Attach Attempts"": ""2"", ""Better Parent Attach Attempts"": ""2"", ""Better Partition Attach Attempts"": ""0"", ""Parent Changes"": ""1"", ""Partition Id Changes"": ""1"", ""Role Child"": ""2"", ""Role Detached"": ""2"", ""Role Disabled"": ""0"", ""Role Leader"": ""0"", ""Role Router"": ""0"", ""Time Child Milli"": ""559372"", ""Time Detached Milli"": ""11628"", ""Time Disabled Milli"": ""0"", ""Time Leader Milli"": ""0"", ""Time Router Milli"": ""0"", ""Time Tracked Milli"": ""571000""}",,,,,,
91,572.0,1500.0,360.0,child,8001,f262a9a43b2cc780,8000,router_c,3,3,2,5,router_c,9002,f262a9a43b2cc780,0.0,0.0,0.0,0.0,1,1,0.0,6.0,6.0,6.0,otns_model_derived_at_ping,model_derived,1.0,-86.146,1,-86.146,1,572.0,False,True,MutualInterference,minimal_end_device,med,enabled,True,packet_probe,"{""RxFailed"": ""0"", ""RxSuccess"": ""143"", ""TxFailed"": ""7"", ""TxSuccess"": ""105""}","{""Attach Attempts"": ""2"", ""Better Parent Attach Attempts"": ""2"", ""Better Partition Attach Attempts"": ""0"", ""Parent Changes"": ""1"", ""Partition Id Changes"": ""1"", ""Role Child"": ""2"", ""Role Detached"": ""2"", ""Role Disabled"": ""0"", ""Role Leader"": ""0"", ""Role Router"": ""0"", ""Time Child Milli"": ""560372"", ""Time Detached Milli"": ""11628"", ""Time Disabled Milli"": ""0"", ""Time Leader Milli"": ""0"", ""Time Router Milli"": ""0"", ""Time Tracked Milli"": ""572000""}",,,,,,
92,573.0,1500.0,360.0,child,8001,f262a9a43b2cc780,8000,router_c,3,3,3,5,router_c,9002,f262a9a43b2cc780,0.0,0.0,0.0,0.0,1,1,0.0,5.0,5.0,5.0,otns_model_derived_at_ping,model_derived,1.0,-86.146,1,-86.146,1,573.0,False,True,MutualInterference,minimal_end_device,med,enabled,True,packet_probe,"{""RxFailed"": ""0"", ""RxSuccess"": ""144"", ""TxFailed"": ""7"", ""TxSuccess"": ""106""}","{""Attach Attempts"": ""2"", ""Better Parent Attach Attempts"": ""2"", ""Better Partition Attach Attempts"": ""0"", ""Parent Changes"": ""1"", ""Partition Id Changes"": ""1"", ""Role Child"": ""2"", ""Role Detached"": ""2"", ""Role Disabled"": ""0"", ""Role Leader"": ""0"", ""Role Router"": ""0"", ""Time Child Milli"": ""561372"", ""Time Detached Milli"": ""11628"", ""Time Disabled Milli"": ""0"", ""Time Leader Milli"": ""0"", ""Time Router Milli"": ""0"", ""Time Tracked Milli"": ""573000""}",,,,,,
93,574.0,1500.0,360.0,child,8001,f262a9a43b2cc780,8000,router_c,3,3,4,5,router_c,9002,f262a9a43b2cc780,0.0,0.0,0.0,0.0,1,1,0.0,6.0,6.0,6.0,otns_model_derived_at_ping,model_derived,1.0,-86.146,1,-86.146,1,574.0,False,True,MutualInterference,minimal_end_device,med,enabled,True,packet_probe,"{""RxFailed"": ""0"", ""RxSuccess"": ""145"", ""TxFailed"": ""7"", ""TxSuccess"": ""107""}","{""Attach Attempts"": ""2"", ""Better Parent Attach Attempts"": ""2"", ""Better Partition Attach Attempts"": ""0"", ""Parent Changes"": ""1"", ""Partition Id Changes"": ""1"", ""Role Child"": ""2"", ""Role Detached"": ""2"", ""Role Disabled"": ""0"", ""Role Leader"": ""0"", ""Role Router"": ""0"", ""Time Child Milli"": ""562372"", ""Time Detached Milli"": ""11628"", ""Time Disabled Milli"": ""0"", ""Time Leader Milli"": ""0"", ""Time Router Milli"": ""0"", ""Time Tracked Milli"": ""574000""}",,,,,,
94,575.0,1500.0,360.0,child,8001,f262a9a43b2cc780,8000,router_c,3,3,5,5,router_c,9002,f262a9a43b2cc780,0.0,0.0,0.0,0.0,1,1,0.0,8.0,8.0,8.0,otns_model_derived_at_ping,model_derived,1.0,-86.146,1,-86.146,1,575.0,False,True,MutualInterference,minimal_end_device,med,enabled,True,packet_probe,"{""RxFailed"": ""0"", ""RxSuccess"": ""146"", ""TxFailed"": ""7"", ""TxSuccess"": ""108""}","{""Attach Attempts"": ""2"", ""Better Parent Attach Attempts"": ""2"", ""Better Partition Attach Attempts"": ""0"", ""Parent Changes"": ""1"", ""Partition Id Changes"": ""1"", ""Role Child"": ""2"", ""Role Detached"": ""2"", ""Role Disabled"": ""0"", ""Role Leader"": ""0"", ""Role Router"": ""0"", ""Time Child Milli"": ""563372"", ""Time Detached Milli"": ""11628"", ""Time Disabled Milli"": ""0"", ""Time Leader Milli"": ""0"", ""Time Router Milli"": ""0"", ""Time Tracked Milli"": ""575000""}",,,,,,
95,576.0,1500.0,360.0,child,8001,f262a9a43b2cc780,8000,router_c,3,3,6,5,router_c,9002,f262a9a43b2cc780,0.0,0.0,0.0,0.0,1,1,0.0,5.0,5.0,5.0,otns_model_derived_at_ping,model_derived,1.0,-86.146,1,-86.146,1,576.0,False,True,MutualInterference,minimal_end_device,med,enabled,True,packet_probe,"{""RxFailed"": ""0"", ""RxSuccess"": ""147"", ""TxFailed"": ""7"", ""TxSuccess"": ""109""}","{""Attach Attempts"": ""2"", ""Better Parent Attach Attempts"": ""2"", ""Better Partition Attach Attempts"": ""0"", ""Parent Changes"": ""1"", ""Partition Id Changes"": ""1"", ""Role Child"": ""2"", ""Role Detached"": ""2"", ""Role Disabled"": ""0"", ""Role Leader"": ""0"", ""Role Router"": ""0"", ""Time Child Milli"": ""564372"", ""Time Detached Milli"": ""11628"", ""Time Disabled Milli"": ""0"", ""Time Leader Milli"": ""0"", ""Time Router Milli"": ""0"", ""Time Tracked Milli"": ""576000""}",,,,,,
96,577.0,1500.0,360.0,child,8001,f262a9a43b2cc780,8000,router_c,3,3,7,5,router_c,9002,f262a9a43b2cc780,0.0,0.0,0.0,0.0,1,1,0.0,8.0,8.0,8.0,otns_model_derived_at_ping,model_derived,1.0,-86.146,1,-86.146,1,577.0,False,True,MutualInterference,minimal_end_device,med,enabled,True,packet_probe,"{""RxFailed"": ""0"", ""RxSuccess"": ""148"", ""TxFailed"": ""7"", ""TxSuccess"": ""110""}","{""Attach Attempts"": ""2"", ""Better Parent Attach Attempts"": ""2"", ""Better Partition Attach Attempts"": ""0"", ""Parent Changes"": ""1"", ""Partition Id Changes"": ""1"", ""Role Child"": ""2"", ""Role Detached"": ""2"", ""Role Disabled"": ""0"", ""Role Leader"": ""0"", ""Role Router"": ""0"", ""Time Child Milli"": ""565372"", ""Time Detached Milli"": ""11628"", ""Time Disabled Milli"": ""0"", ""Time Leader Milli"": ""0"", ""Time Router Milli"": ""0"", ""Time Tracked Milli"": ""577000""}",,,,,,
97,578.0,1500.0,360.0,child,8001,f262a9a43b2cc780,8000,router_c,3,3,8,5,router_c,9002,f262a9a43b2cc780,0.0,0.0,0.0,0.0,1,1,0.0,5.0,5.0,5.0,otns_model_derived_at_ping,model_derived,1.0,-86.146,1,-86.146,1,578.0,False,True,MutualInterference,minimal_end_device,med,enabled,True,packet_probe,"{""RxFailed"": ""0"", ""RxSuccess"": ""149"", ""TxFailed"": ""7"", ""TxSuccess"": ""111""}","{""Attach Attempts"": ""2"", ""Better Parent Attach Attempts"": ""2"", ""Better Partition Attach Attempts"": ""0"", ""Parent Changes"": ""1"", ""Partition Id Changes"": ""1"", ""Role Child"": ""2"", ""Role Detached"": ""2"", ""Role Disabled"": ""0"", ""Role Leader"": ""0"", ""Role Router"": ""0"", ""Time Child Milli"": ""566372"", ""Time Detached Milli"": ""11628"", ""Time Disabled Milli"": ""0"", ""Time Leader Milli"": ""0"", ""Time Router Milli"": ""0"", ""Time Tracked Milli"": ""578000""}",,,,,,
98,579.0,1500.0,360.0,child,8001,f262a9a43b2cc780,8000,router_c,3,3,9,5,router_c,9002,f262a9a43b2cc780,0.0,0.0,0.0,0.0,1,1,0.0,6.0,6.0,6.0,otns_model_derived_at_ping,model_derived,1.0,-86.146,1,-86.146,1,579.0,False,True,MutualInterference,minimal_end_device,med,enabled,True,packet_probe,"{""RxFailed"": ""0"", ""RxSuccess"": ""150"", ""TxFailed"": ""7"", ""TxSuccess"": ""112""}","{""Attach Attempts"": ""2"", ""Better Parent Attach Attempts"": ""2"", ""Better Partition Attach Attempts"": ""0"", ""Parent Changes"": ""1"", ""Partition Id Changes"": ""1"", ""Role Child"": ""2"", ""Role Detached"": ""2"", ""Role Disabled"": ""0"", ""Role Leader"": ""0"", ""Role Router"": ""0"", ""Time Child Milli"": ""567372"", ""Time Detached Milli"": ""11628"", ""Time Disabled Milli"": ""0"", ""Time Leader Milli"": ""0"", ""Time Router Milli"": ""0"", ""Time Tracked Milli"": ""579000""}",,,,,,
99,580.0,1500.0,360.0,child,8001,f262a9a43b2cc780,8000,router_c,3,3,10,5,router_c,9002,f262a9a43b2cc780,0.0,0.0,0.0,0.0,1,1,0.0,11.0,11.0,11.0,otns_model_derived_at_ping,model_derived,1.0,-86.146,1,-86.146,1,580.0,False,True,MutualInterference,minimal_end_device,med,enabled,True,packet_probe,"{""RxFailed"": ""0"", ""RxSuccess"": ""151"", ""TxFailed"": ""7"", ""TxSuccess"": ""113""}","{""Attach Attempts"": ""2"", ""Better Parent Attach Attempts"": ""2"", ""Better Partition Attach Attempts"": ""0"", ""Parent Changes"": ""1"", ""Partition Id Changes"": ""1"", ""Role Child"": ""2"", ""Role Detached"": ""2"", ""Role Disabled"": ""0"", ""Role Leader"": ""0"", ""Role Router"": ""0"", ""Time Child Milli"": ""568372"", ""Time Detached Milli"": ""11628"", ""Time Disabled Milli"": ""0"", ""Time Leader Milli"": ""0"", ""Time Router Milli"": ""0"", ""Time Tracked Milli"": ""580000""}",,,,,,
100,581.0,1500.0,360.0,child,8001,f262a9a43b2cc780,8000,router_c,3,3,11,5,router_c,9002,f262a9a43b2cc780,0.0,0.0,0.0,0.0,1,1,0.0,6.0,6.0,6.0,otns_model_derived_at_ping,model_derived,1.0,-86.146,1,-86.146,1,581.0,False,True,MutualInterference,minimal_end_device,med,enabled,True,packet_probe,"{""RxFailed"": ""0"", ""RxSuccess"": ""152"", ""TxFailed"": ""7"", ""TxSuccess"": ""114""}","{""Attach Attempts"": ""2"", ""Better Parent Attach Attempts"": ""2"", ""Better Partition Attach Attempts"": ""0"", ""Parent Changes"": ""1"", ""Partition Id Changes"": ""1"", ""Role Child"": ""2"", ""Role Detached"": ""2"", ""Role Disabled"": ""0"", ""Role Leader"": ""0"", ""Role Router"": ""0"", ""Time Child Milli"": ""569372"", ""Time Detached Milli"": ""11628"", ""Time Disabled Milli"": ""0"", ""Time Leader Milli"": ""0"", ""Time Router Milli"": ""0"", ""Time Tracked Milli"": ""581000""}",,,,,,
101,582.0,1500.0,360.0,child,8001,f262a9a43b2cc780,8000,router_c,3,3,12,5,router_c,9002,f262a9a43b2cc780,0.0,0.0,0.0,0.0,1,1,0.0,7.0,7.0,7.0,otns_model_derived_at_ping,model_derived,1.0,-86.146,1,-86.146,1,582.0,False,True,MutualInterference,minimal_end_device,med,enabled,True,packet_probe,"{""RxFailed"": ""0"", ""RxSuccess"": ""153"", ""TxFailed"": ""7"", ""TxSuccess"": ""115""}","{""Attach Attempts"": ""2"", ""Better Parent Attach Attempts"": ""2"", ""Better Partition Attach Attempts"": ""0"", ""Parent Changes"": ""1"", ""Partition Id Changes"": ""1"", ""Role Child"": ""2"", ""Role Detached"": ""2"", ""Role Disabled"": ""0"", ""Role Leader"": ""0"", ""Role Router"": ""0"", ""Time Child Milli"": ""570372"", ""Time Detached Milli"": ""11628"", ""Time Disabled Milli"": ""0"", ""Time Leader Milli"": ""0"", ""Time Router Milli"": ""0"", ""Time Tracked Milli"": ""582000""}",,,,,,
102,583.0,1500.0,360.0,child,8001,f262a9a43b2cc780,8000,router_c,3,3,13,5,router_c,9002,f262a9a43b2cc780,0.0,0.0,0.0,0.0,1,1,0.0,10.0,10.0,10.0,otns_model_derived_at_ping,model_derived,1.0,-86.146,1,-86.146,1,583.0,False,True,MutualInterference,minimal_end_device,med,enabled,True,packet_probe,"{""RxFailed"": ""0"", ""RxSuccess"": ""154"", ""TxFailed"": ""7"", ""TxSuccess"": ""116""}","{""Attach Attempts"": ""2"", ""Better Parent Attach Attempts"": ""2"", ""Better Partition Attach Attempts"": ""0"", ""Parent Changes"": ""1"", ""Partition Id Changes"": ""1"", ""Role Child"": ""2"", ""Role Detached"": ""2"", ""Role Disabled"": ""0"", ""Role Leader"": ""0"", ""Role Router"": ""0"", ""Time Child Milli"": ""571372"", ""Time Detached Milli"": ""11628"", ""Time Disabled Milli"": ""0"", ""Time Leader Milli"": ""0"", ""Time Router Milli"": ""0"", ""Time Tracked Milli"": ""583000""}",,,,,,
103,584.0,1500.0,360.0,child,8001,f262a9a43b2cc780,8000,router_c,3,3,0,5,router_c,9002,f262a9a43b2cc780,0.0,0.0,0.0,0.0,1,1,0.0,6.0,6.0,6.0,otns_model_derived_at_ping,model_derived,1.0,-86.146,1,-86.146,1,584.0,False,True,MutualInterference,minimal_end_device,med,enabled,True,packet_probe,"{""RxFailed"": ""0"", ""RxSuccess"": ""156"", ""TxFailed"": ""7"", ""TxSuccess"": ""117""}","{""Attach Attempts"": ""2"", ""Better Parent Attach Attempts"": ""2"", ""Better Partition Attach Attempts"": ""0"", ""Parent Changes"": ""1"", ""Partition Id Changes"": ""1"", ""Role Child"": ""2"", ""Role Detached"": ""2"", ""Role Disabled"": ""0"", ""Role Leader"": ""0"", ""Role Router"": ""0"", ""Time Child Milli"": ""572372"", ""Time Detached Milli"": ""11628"", ""Time Disabled Milli"": ""0"", ""Time Leader Milli"": ""0"", ""Time Router Milli"": ""0"", ""Time Tracked Milli"": ""584000""}",,,,,,
104,585.0,1500.0,360.0,child,8001,f262a9a43b2cc780,8000,router_c,3,3,1,5,router_c,9002,f262a9a43b2cc780,0.0,0.0,0.0,0.0,1,1,0.0,6.0,6.0,6.0,otns_model_derived_at_ping,model_derived,1.0,-86.146,1,-86.146,1,585.0,False,True,MutualInterference,minimal_end_device,med,enabled,True,packet_probe,"{""RxFailed"": ""0"", ""RxSuccess"": ""157"", ""TxFailed"": ""7"", ""TxSuccess"": ""118""}","{""Attach Attempts"": ""2"", ""Better Parent Attach Attempts"": ""2"", ""Better Partition Attach Attempts"": ""0"", ""Parent Changes"": ""1"", ""Partition Id Changes"": ""1"", ""Role Child"": ""2"", ""Role Detached"": ""2"", ""Role Disabled"": ""0"", ""Role Leader"": ""0"", ""Role Router"": ""0"", ""Time Child Milli"": ""573372"", ""Time Detached Milli"": ""11628"", ""Time Disabled Milli"": ""0"", ""Time Leader Milli"": ""0"", ""Time Router Milli"": ""0"", ""Time Tracked Milli"": ""585000""}",,,,,,
105,586.0,1500.0,360.0,child,8001,f262a9a43b2cc780,8000,router_c,3,3,2,5,router_c,9002,f262a9a43b2cc780,0.0,0.0,0.0,0.0,1,1,0.0,6.0,6.0,6.0,otns_model_derived_at_ping,model_derived,1.0,-86.146,1,-86.146,1,586.0,False,True,MutualInterference,minimal_end_device,med,enabled,True,packet_probe,"{""RxFailed"": ""0"", ""RxSuccess"": ""158"", ""TxFailed"": ""7"", ""TxSuccess"": ""119""}","{""Attach Attempts"": ""2"", ""Better Parent Attach Attempts"": ""2"", ""Better Partition Attach Attempts"": ""0"", ""Parent Changes"": ""1"", ""Partition Id Changes"": ""1"", ""Role Child"": ""2"", ""Role Detached"": ""2"", ""Role Disabled"": ""0"", ""Role Leader"": ""0"", ""Role Router"": ""0"", ""Time Child Milli"": ""574372"", ""Time Detached Milli"": ""11628"", ""Time Disabled Milli"": ""0"", ""Time Leader Milli"": ""0"", ""Time Router Milli"": ""0"", ""Time Tracked Milli"": ""586000""}",,,,,,
106,587.0,1500.0,360.0,child,8001,f262a9a43b2cc780,8000,router_c,3,3,3,5,router_c,9002,f262a9a43b2cc780,0.0,0.0,0.0,0.0,1,1,0.0,12.0,12.0,12.0,otns_model_derived_at_ping,model_derived,1.0,-86.146,1,-86.146,1,587.0,False,True,MutualInterference,minimal_end_device,med,enabled,True,packet_probe,"{""RxFailed"": ""0"", ""RxSuccess"": ""159"", ""TxFailed"": ""7"", ""TxSuccess"": ""120""}","{""Attach Attempts"": ""2"", ""Better Parent Attach Attempts"": ""2"", ""Better Partition Attach Attempts"": ""0"", ""Parent Changes"": ""1"", ""Partition Id Changes"": ""1"", ""Role Child"": ""2"", ""Role Detached"": ""2"", ""Role Disabled"": ""0"", ""Role Leader"": ""0"", ""Role Router"": ""0"", ""Time Child Milli"": ""575372"", ""Time Detached Milli"": ""11628"", ""Time Disabled Milli"": ""0"", ""Time Leader Milli"": ""0"", ""Time Router Milli"": ""0"", ""Time Tracked Milli"": ""587000""}",,,,,,
107,588.0,1500.0,360.0,child,8001,f262a9a43b2cc780,8000,router_c,3,3,4,5,router_c,9002,f262a9a43b2cc780,0.0,0.0,0.0,0.0,1,1,0.0,5.0,5.0,5.0,otns_model_derived_at_ping,model_derived,1.0,-86.146,1,-86.146,1,588.0,False,True,MutualInterference,minimal_end_device,med,enabled,True,packet_probe,"{""RxFailed"": ""0"", ""RxSuccess"": ""160"", ""TxFailed"": ""7"", ""TxSuccess"": ""121""}","{""Attach Attempts"": ""2"", ""Better Parent Attach Attempts"": ""2"", ""Better Partition Attach Attempts"": ""0"", ""Parent Changes"": ""1"", ""Partition Id Changes"": ""1"", ""Role Child"": ""2"", ""Role Detached"": ""2"", ""Role Disabled"": ""0"", ""Role Leader"": ""0"", ""Role Router"": ""0"", ""Time Child Milli"": ""576372"", ""Time Detached Milli"": ""11628"", ""Time Disabled Milli"": ""0"", ""Time Leader Milli"": ""0"", ""Time Router Milli"": ""0"", ""Time Tracked Milli"": ""588000""}",,,,,,
108,589.0,1500.0,360.0,child,8001,f262a9a43b2cc780,8000,router_c,3,3,5,5,router_c,9002,f262a9a43b2cc780,0.0,0.0,0.0,0.0,1,1,0.0,7.0,7.0,7.0,otns_model_derived_at_ping,model_derived,1.0,-86.146,1,-86.146,1,589.0,False,True,MutualInterference,minimal_end_device,med,enabled,True,packet_probe,"{""RxFailed"": ""0"", ""RxSuccess"": ""161"", ""TxFailed"": ""7"", ""TxSuccess"": ""122""}","{""Attach Attempts"": ""2"", ""Better Parent Attach Attempts"": ""2"", ""Better Partition Attach Attempts"": ""0"", ""Parent Changes"": ""1"", ""Partition Id Changes"": ""1"", ""Role Child"": ""2"", ""Role Detached"": ""2"", ""Role Disabled"": ""0"", ""Role Leader"": ""0"", ""Role Router"": ""0"", ""Time Child Milli"": ""577372"", ""Time Detached Milli"": ""11628"", ""Time Disabled Milli"": ""0"", ""Time Leader Milli"": ""0"", ""Time Router Milli"": ""0"", ""Time Tracked Milli"": ""589000""}",,,,,,
109,590.0,1500.0,360.0,child,8001,f262a9a43b2cc780,8000,router_c,3,3,6,5,router_c,9002,f262a9a43b2cc780,0.0,0.0,0.0,0.0,1,1,0.0,7.0,7.0,7.0,otns_model_derived_at_ping,model_derived,1.0,-86.146,1,-86.146,1,590.0,False,True,MutualInterference,minimal_end_device,med,enabled,True,packet_probe,"{""RxFailed"": ""0"", ""RxSuccess"": ""162"", ""TxFailed"": ""7"", ""TxSuccess"": ""123""}","{""Attach Attempts"": ""2"", ""Better Parent Attach Attempts"": ""2"", ""Better Partition Attach Attempts"": ""0"", ""Parent Changes"": ""1"", ""Partition Id Changes"": ""1"", ""Role Child"": ""2"", ""Role Detached"": ""2"", ""Role Disabled"": ""0"", ""Role Leader"": ""0"", ""Role Router"": ""0"", ""Time Child Milli"": ""578372"", ""Time Detached Milli"": ""11628"", ""Time Disabled Milli"": ""0"", ""Time Leader Milli"": ""0"", ""Time Router Milli"": ""0"", ""Time Tracked Milli"": ""590000""}",,,,,,
110,591.0,1500.0,360.0,child,8001,f262a9a43b2cc780,8000,router_c,3,3,7,5,router_c,9002,f262a9a43b2cc780,0.0,0.0,0.0,0.0,1,1,0.0,9.0,9.0,9.0,otns_model_derived_at_ping,model_derived,1.0,-86.146,1,-86.146,1,591.0,False,True,MutualInterference,minimal_end_device,med,enabled,True,packet_probe,"{""RxFailed"": ""0"", ""RxSuccess"": ""163"", ""TxFailed"": ""7"", ""TxSuccess"": ""124""}","{""Attach Attempts"": ""2"", ""Better Parent Attach Attempts"": ""2"", ""Better Partition Attach Attempts"": ""0"", ""Parent Changes"": ""1"", ""Partition Id Changes"": ""1"", ""Role Child"": ""2"", ""Role Detached"": ""2"", ""Role Disabled"": ""0"", ""Role Leader"": ""0"", ""Role Router"": ""0"", ""Time Child Milli"": ""579372"", ""Time Detached Milli"": ""11628"", ""Time Disabled Milli"": ""0"", ""Time Leader Milli"": ""0"", ""Time Router Milli"": ""0"", ""Time Tracked Milli"": ""591000""}",,,,,,
111,592.0,1500.0,360.0,child,8001,f262a9a43b2cc780,8000,router_c,3,3,8,5,router_c,9002,f262a9a43b2cc780,0.0,0.0,0.0,0.0,1,1,0.0,7.0,7.0,7.0,otns_model_derived_at_ping,model_derived,1.0,-86.146,1,-86.146,1,592.0,False,True,MutualInterference,minimal_end_device,med,enabled,True,packet_probe,"{""RxFailed"": ""0"", ""RxSuccess"": ""164"", ""TxFailed"": ""7"", ""TxSuccess"": ""125""}","{""Attach Attempts"": ""2"", ""Better Parent Attach Attempts"": ""2"", ""Better Partition Attach Attempts"": ""0"", ""Parent Changes"": ""1"", ""Partition Id Changes"": ""1"", ""Role Child"": ""2"", ""Role Detached"": ""2"", ""Role Disabled"": ""0"", ""Role Leader"": ""0"", ""Role Router"": ""0"", ""Time Child Milli"": ""580372"", ""Time Detached Milli"": ""11628"", ""Time Disabled Milli"": ""0"", ""Time Leader Milli"": ""0"", ""Time Router Milli"": ""0"", ""Time Tracked Milli"": ""592000""}",,,,,,
112,593.0,1500.0,360.0,child,8001,f262a9a43b2cc780,8000,router_c,3,3,9,5,router_c,9002,f262a9a43b2cc780,0.0,0.0,0.0,0.0,1,1,0.0,6.0,6.0,6.0,otns_model_derived_at_ping,model_derived,1.0,-86.146,1,-86.146,1,593.0,False,True,MutualInterference,minimal_end_device,med,enabled,True,packet_probe,"{""RxFailed"": ""0"", ""RxSuccess"": ""165"", ""TxFailed"": ""7"", ""TxSuccess"": ""126""}","{""Attach Attempts"": ""2"", ""Better Parent Attach Attempts"": ""2"", ""Better Partition Attach Attempts"": ""0"", ""Parent Changes"": ""1"", ""Partition Id Changes"": ""1"", ""Role Child"": ""2"", ""Role Detached"": ""2"", ""Role Disabled"": ""0"", ""Role Leader"": ""0"", ""Role Router"": ""0"", ""Time Child Milli"": ""581372"", ""Time Detached Milli"": ""11628"", ""Time Disabled Milli"": ""0"", ""Time Leader Milli"": ""0"", ""Time Router Milli"": ""0"", ""Time Tracked Milli"": ""593000""}",,,,,,
113,594.0,1500.0,360.0,child,8001,f262a9a43b2cc780,8000,router_c,3,3,10,5,router_c,9002,f262a9a43b2cc780,0.0,0.0,0.0,0.0,1,1,0.0,8.0,8.0,8.0,otns_model_derived_at_ping,model_derived,1.0,-86.146,1,-86.146,1,594.0,False,True,MutualInterference,minimal_end_device,med,enabled,True,packet_probe,"{""RxFailed"": ""0"", ""RxSuccess"": ""166"", ""TxFailed"": ""7"", ""TxSuccess"": ""127""}","{""Attach Attempts"": ""2"", ""Better Parent Attach Attempts"": ""2"", ""Better Partition Attach Attempts"": ""0"", ""Parent Changes"": ""1"", ""Partition Id Changes"": ""1"", ""Role Child"": ""2"", ""Role Detached"": ""2"", ""Role Disabled"": ""0"", ""Role Leader"": ""0"", ""Role Router"": ""0"", ""Time Child Milli"": ""582372"", ""Time Detached Milli"": ""11628"", ""Time Disabled Milli"": ""0"", ""Time Leader Milli"": ""0"", ""Time Router Milli"": ""0"", ""Time Tracked Milli"": ""594000""}",,,,,,
114,595.0,1500.0,360.0,child,8001,f262a9a43b2cc780,8000,router_c,3,3,11,5,router_c,9002,f262a9a43b2cc780,0.0,0.0,0.0,0.0,1,1,0.0,6.0,6.0,6.0,otns_model_derived_at_ping,model_derived,1.0,-86.146,1,-86.146,1,595.0,False,True,MutualInterference,minimal_end_device,med,enabled,True,packet_probe,"{""RxFailed"": ""0"", ""RxSuccess"": ""167"", ""TxFailed"": ""7"", ""TxSuccess"": ""128""}","{""Attach Attempts"": ""2"", ""Better Parent Attach Attempts"": ""2"", ""Better Partition Attach Attempts"": ""0"", ""Parent Changes"": ""1"", ""Partition Id Changes"": ""1"", ""Role Child"": ""2"", ""Role Detached"": ""2"", ""Role Disabled"": ""0"", ""Role Leader"": ""0"", ""Role Router"": ""0"", ""Time Child Milli"": ""583372"", ""Time Detached Milli"": ""11628"", ""Time Disabled Milli"": ""0"", ""Time Leader Milli"": ""0"", ""Time Router Milli"": ""0"", ""Time Tracked Milli"": ""595000""}",,,,,,
115,596.0,1500.0,360.0,child,8001,f262a9a43b2cc780,8000,router_c,3,3,0,5,router_c,9002,f262a9a43b2cc780,0.0,0.0,0.0,0.0,1,1,0.0,7.0,7.0,7.0,otns_model_derived_at_ping,model_derived,1.0,-86.146,1,-86.146,1,596.0,False,True,MutualInterference,minimal_end_device,med,enabled,True,packet_probe,"{""RxFailed"": ""0"", ""RxSuccess"": ""169"", ""TxFailed"": ""7"", ""TxSuccess"": ""129""}","{""Attach Attempts"": ""2"", ""Better Parent Attach Attempts"": ""2"", ""Better Partition Attach Attempts"": ""0"", ""Parent Changes"": ""1"", ""Partition Id Changes"": ""1"", ""Role Child"": ""2"", ""Role Detached"": ""2"", ""Role Disabled"": ""0"", ""Role Leader"": ""0"", ""Role Router"": ""0"", ""Time Child Milli"": ""584372"", ""Time Detached Milli"": ""11628"", ""Time Disabled Milli"": ""0"", ""Time Leader Milli"": ""0"", ""Time Router Milli"": ""0"", ""Time Tracked Milli"": ""596000""}",,,,,,
116,597.0,1500.0,360.0,child,8001,f262a9a43b2cc780,8000,router_c,3,3,1,5,router_c,9002,f262a9a43b2cc780,0.0,0.0,0.0,0.0,1,1,0.0,7.0,7.0,7.0,otns_model_derived_at_ping,model_derived,1.0,-86.146,1,-86.146,1,597.0,False,True,MutualInterference,minimal_end_device,med,enabled,True,packet_probe,"{""RxFailed"": ""0"", ""RxSuccess"": ""170"", ""TxFailed"": ""7"", ""TxSuccess"": ""130""}","{""Attach Attempts"": ""2"", ""Better Parent Attach Attempts"": ""2"", ""Better Partition Attach Attempts"": ""0"", ""Parent Changes"": ""1"", ""Partition Id Changes"": ""1"", ""Role Child"": ""2"", ""Role Detached"": ""2"", ""Role Disabled"": ""0"", ""Role Leader"": ""0"", ""Role Router"": ""0"", ""Time Child Milli"": ""585372"", ""Time Detached Milli"": ""11628"", ""Time Disabled Milli"": ""0"", ""Time Leader Milli"": ""0"", ""Time Router Milli"": ""0"", ""Time Tracked Milli"": ""597000""}",,,,,,
117,598.0,1500.0,360.0,child,8001,f262a9a43b2cc780,8000,router_c,3,3,2,5,router_c,9002,f262a9a43b2cc780,0.0,0.0,0.0,0.0,1,1,0.0,7.0,7.0,7.0,otns_model_derived_at_ping,model_derived,1.0,-86.146,1,-86.146,1,598.0,False,True,MutualInterference,minimal_end_device,med,enabled,True,packet_probe,"{""RxFailed"": ""0"", ""RxSuccess"": ""171"", ""TxFailed"": ""7"", ""TxSuccess"": ""131""}","{""Attach Attempts"": ""2"", ""Better Parent Attach Attempts"": ""2"", ""Better Partition Attach Attempts"": ""0"", ""Parent Changes"": ""1"", ""Partition Id Changes"": ""1"", ""Role Child"": ""2"", ""Role Detached"": ""2"", ""Role Disabled"": ""0"", ""Role Leader"": ""0"", ""Role Router"": ""0"", ""Time Child Milli"": ""586372"", ""Time Detached Milli"": ""11628"", ""Time Disabled Milli"": ""0"", ""Time Leader Milli"": ""0"", ""Time Router Milli"": ""0"", ""Time Tracked Milli"": ""598000""}",,,,,,
118,599.0,1500.0,360.0,child,8001,f262a9a43b2cc780,8000,router_c,3,3,3,5,router_c,9002,f262a9a43b2cc780,0.0,0.0,0.0,0.0,1,1,0.0,6.0,6.0,6.0,otns_model_derived_at_ping,model_derived,1.0,-86.146,1,-86.146,1,599.0,False,True,MutualInterference,minimal_end_device,med,enabled,True,packet_probe,"{""RxFailed"": ""0"", ""RxSuccess"": ""172"", ""TxFailed"": ""7"", ""TxSuccess"": ""132""}","{""Attach Attempts"": ""2"", ""Better Parent Attach Attempts"": ""2"", ""Better Partition Attach Attempts"": ""0"", ""Parent Changes"": ""1"", ""Partition Id Changes"": ""1"", ""Role Child"": ""2"", ""Role Detached"": ""2"", ""Role Disabled"": ""0"", ""Role Leader"": ""0"", ""Role Router"": ""0"", ""Time Child Milli"": ""587372"", ""Time Detached Milli"": ""11628"", ""Time Disabled Milli"": ""0"", ""Time Leader Milli"": ""0"", ""Time Router Milli"": ""0"", ""Time Tracked Milli"": ""599000""}",,,,,,
119,600.0,1500.0,360.0,child,8001,f262a9a43b2cc780,8000,router_c,3,3,4,5,router_c,9002,f262a9a43b2cc780,0.0,0.0,0.0,0.0,1,1,0.0,6.0,6.0,6.0,otns_model_derived_at_ping,model_derived,1.0,-86.146,1,-86.146,1,600.0,False,True,MutualInterference,minimal_end_device,med,enabled,True,packet_probe,"{""RxFailed"": ""0"", ""RxSuccess"": ""173"", ""TxFailed"": ""7"", ""TxSuccess"": ""133""}","{""Attach Attempts"": ""2"", ""Better Parent Attach Attempts"": ""2"", ""Better Partition Attach Attempts"": ""0"", ""Parent Changes"": ""1"", ""Partition Id Changes"": ""1"", ""Role Child"": ""2"", ""Role Detached"": ""2"", ""Role Disabled"": ""0"", ""Role Leader"": ""0"", ""Role Router"": ""0"", ""Time Child Milli"": ""588372"", ""Time Detached Milli"": ""11628"", ""Time Disabled Milli"": ""0"", ""Time Leader Milli"": ""0"", ""Time Router Milli"": ""0"", ""Time Tracked Milli"": ""600000""}",,,,,,
120,601.0,1500.0,360.0,child,8001,f262a9a43b2cc780,8000,router_c,3,3,5,5,router_c,9002,f262a9a43b2cc780,0.0,0.0,0.0,0.0,1,1,0.0,6.0,6.0,6.0,otns_model_derived_at_ping,model_derived,1.0,-86.146,1,-86.146,1,601.0,False,True,MutualInterference,minimal_end_device,med,enabled,True,packet_probe,"{""RxFailed"": ""0"", ""RxSuccess"": ""174"", ""TxFailed"": ""7"", ""TxSuccess"": ""134""}","{""Attach Attempts"": ""2"", ""Better Parent Attach Attempts"": ""2"", ""Better Partition Attach Attempts"": ""0"", ""Parent Changes"": ""1"", ""Partition Id Changes"": ""1"", ""Role Child"": ""2"", ""Role Detached"": ""2"", ""Role Disabled"": ""0"", ""Role Leader"": ""0"", ""Role Router"": ""0"", ""Time Child Milli"": ""589372"", ""Time Detached Milli"": ""11628"", ""Time Disabled Milli"": ""0"", ""Time Leader Milli"": ""0"", ""Time Router Milli"": ""0"", ""Time Tracked Milli"": ""601000""}",,,,,,
121,602.0,1500.0,360.0,child,8001,f262a9a43b2cc780,8000,router_c,3,3,6,5,router_c,9002,f262a9a43b2cc780,0.0,0.0,0.0,0.0,1,1,0.0,6.0,6.0,6.0,otns_model_derived_at_ping,model_derived,1.0,-86.146,1,-86.146,1,602.0,False,True,MutualInterference,minimal_end_device,med,enabled,True,packet_probe,"{""RxFailed"": ""0"", ""RxSuccess"": ""175"", ""TxFailed"": ""7"", ""TxSuccess"": ""135""}","{""Attach Attempts"": ""2"", ""Better Parent Attach Attempts"": ""2"", ""Better Partition Attach Attempts"": ""0"", ""Parent Changes"": ""1"", ""Partition Id Changes"": ""1"", ""Role Child"": ""2"", ""Role Detached"": ""2"", ""Role Disabled"": ""0"", ""Role Leader"": ""0"", ""Role Router"": ""0"", ""Time Child Milli"": ""590372"", ""Time Detached Milli"": ""11628"", ""Time Disabled Milli"": ""0"", ""Time Leader Milli"": ""0"", ""Time Router Milli"": ""0"", ""Time Tracked Milli"": ""602000""}",,,,,,
122,603.0,1500.0,360.0,child,8001,f262a9a43b2cc780,8000,router_c,3,3,7,5,router_c,9002,f262a9a43b2cc780,0.0,0.0,0.0,0.0,1,1,0.0,5.0,5.0,5.0,otns_model_derived_at_ping,model_derived,1.0,-86.146,1,-86.146,1,603.0,False,True,MutualInterference,minimal_end_device,med,enabled,True,packet_probe,"{""RxFailed"": ""0"", ""RxSuccess"": ""176"", ""TxFailed"": ""7"", ""TxSuccess"": ""136""}","{""Attach Attempts"": ""2"", ""Better Parent Attach Attempts"": ""2"", ""Better Partition Attach Attempts"": ""0"", ""Parent Changes"": ""1"", ""Partition Id Changes"": ""1"", ""Role Child"": ""2"", ""Role Detached"": ""2"", ""Role Disabled"": ""0"", ""Role Leader"": ""0"", ""Role Router"": ""0"", ""Time Child Milli"": ""591372"", ""Time Detached Milli"": ""11628"", ""Time Disabled Milli"": ""0"", ""Time Leader Milli"": ""0"", ""Time Router Milli"": ""0"", ""Time Tracked Milli"": ""603000""}",,,,,,
123,604.0,1500.0,360.0,child,8001,f262a9a43b2cc780,8000,router_c,3,3,8,5,router_c,9002,f262a9a43b2cc780,0.0,0.0,0.0,0.0,1,1,0.0,6.0,6.0,6.0,otns_model_derived_at_ping,model_derived,1.0,-86.146,1,-86.146,1,604.0,False,True,MutualInterference,minimal_end_device,med,enabled,True,packet_probe,"{""RxFailed"": ""0"", ""RxSuccess"": ""177"", ""TxFailed"": ""7"", ""TxSuccess"": ""137""}","{""Attach Attempts"": ""2"", ""Better Parent Attach Attempts"": ""2"", ""Better Partition Attach Attempts"": ""0"", ""Parent Changes"": ""1"", ""Partition Id Changes"": ""1"", ""Role Child"": ""2"", ""Role Detached"": ""2"", ""Role Disabled"": ""0"", ""Role Leader"": ""0"", ""Role Router"": ""0"", ""Time Child Milli"": ""592372"", ""Time Detached Milli"": ""11628"", ""Time Disabled Milli"": ""0"", ""Time Leader Milli"": ""0"", ""Time Router Milli"": ""0"", ""Time Tracked Milli"": ""604000""}",,,,,,
124,605.0,1500.0,360.0,child,8001,f262a9a43b2cc780,8000,router_c,3,3,9,5,router_c,9002,f262a9a43b2cc780,0.0,0.0,0.0,0.0,1,1,0.0,6.0,6.0,6.0,otns_model_derived_at_ping,model_derived,1.0,-86.146,1,-86.146,1,605.0,False,True,MutualInterference,minimal_end_device,med,enabled,True,packet_probe,"{""RxFailed"": ""0"", ""RxSuccess"": ""178"", ""TxFailed"": ""7"", ""TxSuccess"": ""138""}","{""Attach Attempts"": ""2"", ""Better Parent Attach Attempts"": ""2"", ""Better Partition Attach Attempts"": ""0"", ""Parent Changes"": ""1"", ""Partition Id Changes"": ""1"", ""Role Child"": ""2"", ""Role Detached"": ""2"", ""Role Disabled"": ""0"", ""Role Leader"": ""0"", ""Role Router"": ""0"", ""Time Child Milli"": ""593372"", ""Time Detached Milli"": ""11628"", ""Time Disabled Milli"": ""0"", ""Time Leader Milli"": ""0"", ""Time Router Milli"": ""0"", ""Time Tracked Milli"": ""605000""}",,,,,,
125,606.0,1500.0,360.0,child,8001,f262a9a43b2cc780,8000,router_c,3,3,10,5,router_c,9002,f262a9a43b2cc780,0.0,0.0,0.0,0.0,1,1,0.0,5.0,5.0,5.0,otns_model_derived_at_ping,model_derived,1.0,-86.146,1,-86.146,1,606.0,False,True,MutualInterference,minimal_end_device,med,enabled,True,packet_probe,"{""RxFailed"": ""0"", ""RxSuccess"": ""179"", ""TxFailed"": ""7"", ""TxSuccess"": ""139""}","{""Attach Attempts"": ""2"", ""Better Parent Attach Attempts"": ""2"", ""Better Partition Attach Attempts"": ""0"", ""Parent Changes"": ""1"", ""Partition Id Changes"": ""1"", ""Role Child"": ""2"", ""Role Detached"": ""2"", ""Role Disabled"": ""0"", ""Role Leader"": ""0"", ""Role Router"": ""0"", ""Time Child Milli"": ""594372"", ""Time Detached Milli"": ""11628"", ""Time Disabled Milli"": ""0"", ""Time Leader Milli"": ""0"", ""Time Router Milli"": ""0"", ""Time Tracked Milli"": ""606000""}",,,,,,
126,607.0,1500.0,360.0,child,8001,f262a9a43b2cc780,8000,router_c,3,3,0,5,router_c,9002,f262a9a43b2cc780,0.0,0.0,0.0,0.0,1,1,0.0,10.0,10.0,10.0,otns_model_derived_at_ping,model_derived,1.0,-86.146,1,-86.146,1,607.0,False,True,MutualInterference,minimal_end_device,med,enabled,True,packet_probe,"{""RxFailed"": ""0"", ""RxSuccess"": ""181"", ""TxFailed"": ""7"", ""TxSuccess"": ""140""}","{""Attach Attempts"": ""2"", ""Better Parent Attach Attempts"": ""2"", ""Better Partition Attach Attempts"": ""0"", ""Parent Changes"": ""1"", ""Partition Id Changes"": ""1"", ""Role Child"": ""2"", ""Role Detached"": ""2"", ""Role Disabled"": ""0"", ""Role Leader"": ""0"", ""Role Router"": ""0"", ""Time Child Milli"": ""595372"", ""Time Detached Milli"": ""11628"", ""Time Disabled Milli"": ""0"", ""Time Leader Milli"": ""0"", ""Time Router Milli"": ""0"", ""Time Tracked Milli"": ""607000""}",,,,,,
127,608.0,1500.0,360.0,child,8001,f262a9a43b2cc780,8000,router_c,3,3,1,5,router_c,9002,f262a9a43b2cc780,0.0,0.0,0.0,0.0,1,1,0.0,4.0,4.0,4.0,otns_model_derived_at_ping,model_derived,1.0,-86.146,1,-86.146,1,608.0,False,True,MutualInterference,minimal_end_device,med,enabled,True,packet_probe,"{""RxFailed"": ""0"", ""RxSuccess"": ""182"", ""TxFailed"": ""7"", ""TxSuccess"": ""141""}","{""Attach Attempts"": ""2"", ""Better Parent Attach Attempts"": ""2"", ""Better Partition Attach Attempts"": ""0"", ""Parent Changes"": ""1"", ""Partition Id Changes"": ""1"", ""Role Child"": ""2"", ""Role Detached"": ""2"", ""Role Disabled"": ""0"", ""Role Leader"": ""0"", ""Role Router"": ""0"", ""Time Child Milli"": ""596372"", ""Time Detached Milli"": ""11628"", ""Time Disabled Milli"": ""0"", ""Time Leader Milli"": ""0"", ""Time Router Milli"": ""0"", ""Time Tracked Milli"": ""608000""}",,,,,,
128,609.0,1500.0,360.0,child,8001,f262a9a43b2cc780,8000,router_c,3,3,2,5,router_c,9002,f262a9a43b2cc780,0.0,0.0,0.0,0.0,1,1,0.0,5.0,5.0,5.0,otns_model_derived_at_ping,model_derived,1.0,-86.146,1,-86.146,1,609.0,False,True,MutualInterference,minimal_end_device,med,enabled,True,packet_probe,"{""RxFailed"": ""0"", ""RxSuccess"": ""183"", ""TxFailed"": ""7"", ""TxSuccess"": ""142""}","{""Attach Attempts"": ""2"", ""Better Parent Attach Attempts"": ""2"", ""Better Partition Attach Attempts"": ""0"", ""Parent Changes"": ""1"", ""Partition Id Changes"": ""1"", ""Role Child"": ""2"", ""Role Detached"": ""2"", ""Role Disabled"": ""0"", ""Role Leader"": ""0"", ""Role Router"": ""0"", ""Time Child Milli"": ""597372"", ""Time Detached Milli"": ""11628"", ""Time Disabled Milli"": ""0"", ""Time Leader Milli"": ""0"", ""Time Router Milli"": ""0"", ""Time Tracked Milli"": ""609000""}",,,,,,
129,610.0,1500.0,360.0,child,8001,f262a9a43b2cc780,8000,router_c,3,3,3,5,router_c,9002,f262a9a43b2cc780,0.0,0.0,0.0,0.0,1,1,0.0,5.0,5.0,5.0,otns_model_derived_at_ping,model_derived,1.0,-86.146,1,-86.146,1,610.0,False,True,MutualInterference,minimal_end_device,med,enabled,True,packet_probe,"{""RxFailed"": ""0"", ""RxSuccess"": ""184"", ""TxFailed"": ""7"", ""TxSuccess"": ""143""}","{""Attach Attempts"": ""2"", ""Better Parent Attach Attempts"": ""2"", ""Better Partition Attach Attempts"": ""0"", ""Parent Changes"": ""1"", ""Partition Id Changes"": ""1"", ""Role Child"": ""2"", ""Role Detached"": ""2"", ""Role Disabled"": ""0"", ""Role Leader"": ""0"", ""Role Router"": ""0"", ""Time Child Milli"": ""598372"", ""Time Detached Milli"": ""11628"", ""Time Disabled Milli"": ""0"", ""Time Leader Milli"": ""0"", ""Time Router Milli"": ""0"", ""Time Tracked Milli"": ""610000""}",,,,,,
130,611.0,1500.0,360.0,child,8001,f262a9a43b2cc780,8000,router_c,3,3,4,5,router_c,9002,f262a9a43b2cc780,0.0,0.0,0.0,0.0,1,1,0.0,7.0,7.0,7.0,otns_model_derived_at_ping,model_derived,1.0,-86.146,1,-86.146,1,611.0,False,True,MutualInterference,minimal_end_device,med,enabled,True,packet_probe,"{""RxFailed"": ""0"", ""RxSuccess"": ""185"", ""TxFailed"": ""7"", ""TxSuccess"": ""144""}","{""Attach Attempts"": ""2"", ""Better Parent Attach Attempts"": ""2"", ""Better Partition Attach Attempts"": ""0"", ""Parent Changes"": ""1"", ""Partition Id Changes"": ""1"", ""Role Child"": ""2"", ""Role Detached"": ""2"", ""Role Disabled"": ""0"", ""Role Leader"": ""0"", ""Role Router"": ""0"", ""Time Child Milli"": ""599372"", ""Time Detached Milli"": ""11628"", ""Time Disabled Milli"": ""0"", ""Time Leader Milli"": ""0"", ""Time Router Milli"": ""0"", ""Time Tracked Milli"": ""611000""}",,,,,,
131,612.0,1500.0,360.0,child,8001,f262a9a43b2cc780,8000,router_c,3,3,5,5,router_c,9002,f262a9a43b2cc780,0.0,0.0,0.0,0.0,1,1,0.0,6.0,6.0,6.0,otns_model_derived_at_ping,model_derived,1.0,-86.146,1,-86.146,1,612.0,False,True,MutualInterference,minimal_end_device,med,enabled,True,packet_probe,"{""RxFailed"": ""0"", ""RxSuccess"": ""186"", ""TxFailed"": ""7"", ""TxSuccess"": ""145""}","{""Attach Attempts"": ""2"", ""Better Parent Attach Attempts"": ""2"", ""Better Partition Attach Attempts"": ""0"", ""Parent Changes"": ""1"", ""Partition Id Changes"": ""1"", ""Role Child"": ""2"", ""Role Detached"": ""2"", ""Role Disabled"": ""0"", ""Role Leader"": ""0"", ""Role Router"": ""0"", ""Time Child Milli"": ""600372"", ""Time Detached Milli"": ""11628"", ""Time Disabled Milli"": ""0"", ""Time Leader Milli"": ""0"", ""Time Router Milli"": ""0"", ""Time Tracked Milli"": ""612000""}",,,,,,
132,613.0,1500.0,360.0,child,8001,f262a9a43b2cc780,8000,router_c,3,3,6,5,router_c,9002,f262a9a43b2cc780,0.0,0.0,0.0,0.0,1,1,0.0,7.0,7.0,7.0,otns_model_derived_at_ping,model_derived,1.0,-86.146,1,-86.146,1,613.0,False,True,MutualInterference,minimal_end_device,med,enabled,True,packet_probe,"{""RxFailed"": ""0"", ""RxSuccess"": ""187"", ""TxFailed"": ""7"", ""TxSuccess"": ""146""}","{""Attach Attempts"": ""2"", ""Better Parent Attach Attempts"": ""2"", ""Better Partition Attach Attempts"": ""0"", ""Parent Changes"": ""1"", ""Partition Id Changes"": ""1"", ""Role Child"": ""2"", ""Role Detached"": ""2"", ""Role Disabled"": ""0"", ""Role Leader"": ""0"", ""Role Router"": ""0"", ""Time Child Milli"": ""601372"", ""Time Detached Milli"": ""11628"", ""Time Disabled Milli"": ""0"", ""Time Leader Milli"": ""0"", ""Time Router Milli"": ""0"", ""Time Tracked Milli"": ""613000""}",,,,,,
133,614.0,1500.0,360.0,child,8001,f262a9a43b2cc780,8000,router_c,3,3,7,5,router_c,9002,f262a9a43b2cc780,0.0,0.0,0.0,0.0,1,1,0.0,6.0,6.0,6.0,otns_model_derived_at_ping,model_derived,1.0,-86.146,1,-86.146,1,614.0,False,True,MutualInterference,minimal_end_device,med,enabled,True,packet_probe,"{""RxFailed"": ""0"", ""RxSuccess"": ""188"", ""TxFailed"": ""7"", ""TxSuccess"": ""147""}","{""Attach Attempts"": ""2"", ""Better Parent Attach Attempts"": ""2"", ""Better Partition Attach Attempts"": ""0"", ""Parent Changes"": ""1"", ""Partition Id Changes"": ""1"", ""Role Child"": ""2"", ""Role Detached"": ""2"", ""Role Disabled"": ""0"", ""Role Leader"": ""0"", ""Role Router"": ""0"", ""Time Child Milli"": ""602372"", ""Time Detached Milli"": ""11628"", ""Time Disabled Milli"": ""0"", ""Time Leader Milli"": ""0"", ""Time Router Milli"": ""0"", ""Time Tracked Milli"": ""614000""}",,,,,,
134,615.0,1500.0,360.0,child,8001,f262a9a43b2cc780,8000,router_c,3,3,8,5,router_c,9002,f262a9a43b2cc780,0.0,0.0,0.0,0.0,1,1,0.0,5.0,5.0,5.0,otns_model_derived_at_ping,model_derived,1.0,-86.146,1,-86.146,1,615.0,False,True,MutualInterference,minimal_end_device,med,enabled,True,packet_probe,"{""RxFailed"": ""0"", ""RxSuccess"": ""189"", ""TxFailed"": ""7"", ""TxSuccess"": ""148""}","{""Attach Attempts"": ""2"", ""Better Parent Attach Attempts"": ""2"", ""Better Partition Attach Attempts"": ""0"", ""Parent Changes"": ""1"", ""Partition Id Changes"": ""1"", ""Role Child"": ""2"", ""Role Detached"": ""2"", ""Role Disabled"": ""0"", ""Role Leader"": ""0"", ""Role Router"": ""0"", ""Time Child Milli"": ""603372"", ""Time Detached Milli"": ""11628"", ""Time Disabled Milli"": ""0"", ""Time Leader Milli"": ""0"", ""Time Router Milli"": ""0"", ""Time Tracked Milli"": ""615000""}",,,,,,
135,616.0,1500.0,360.0,child,8001,f262a9a43b2cc780,8000,router_c,3,3,9,5,router_c,9002,f262a9a43b2cc780,0.0,0.0,0.0,0.0,1,1,0.0,5.0,5.0,5.0,otns_model_derived_at_ping,model_derived,1.0,-86.146,1,-86.146,1,616.0,False,True,MutualInterference,minimal_end_device,med,enabled,True,packet_probe,"{""RxFailed"": ""0"", ""RxSuccess"": ""190"", ""TxFailed"": ""7"", ""TxSuccess"": ""149""}","{""Attach Attempts"": ""2"", ""Better Parent Attach Attempts"": ""2"", ""Better Partition Attach Attempts"": ""0"", ""Parent Changes"": ""1"", ""Partition Id Changes"": ""1"", ""Role Child"": ""2"", ""Role Detached"": ""2"", ""Role Disabled"": ""0"", ""Role Leader"": ""0"", ""Role Router"": ""0"", ""Time Child Milli"": ""604372"", ""Time Detached Milli"": ""11628"", ""Time Disabled Milli"": ""0"", ""Time Leader Milli"": ""0"", ""Time Router Milli"": ""0"", ""Time Tracked Milli"": ""616000""}",,,,,,
136,617.0,1500.0,360.0,child,8001,f262a9a43b2cc780,8000,router_c,3,3,10,5,router_c,9002,f262a9a43b2cc780,0.0,0.0,0.0,0.0,1,1,0.0,6.0,6.0,6.0,otns_model_derived_at_ping,model_derived,1.0,-86.146,1,-86.146,1,617.0,False,True,MutualInterference,minimal_end_device,med,enabled,True,packet_probe,"{""RxFailed"": ""0"", ""RxSuccess"": ""191"", ""TxFailed"": ""7"", ""TxSuccess"": ""150""}","{""Attach Attempts"": ""2"", ""Better Parent Attach Attempts"": ""2"", ""Better Partition Attach Attempts"": ""0"", ""Parent Changes"": ""1"", ""Partition Id Changes"": ""1"", ""Role Child"": ""2"", ""Role Detached"": ""2"", ""Role Disabled"": ""0"", ""Role Leader"": ""0"", ""Role Router"": ""0"", ""Time Child Milli"": ""605372"", ""Time Detached Milli"": ""11628"", ""Time Disabled Milli"": ""0"", ""Time Leader Milli"": ""0"", ""Time Router Milli"": ""0"", ""Time Tracked Milli"": ""617000""}",,,,,,
137,618.0,1500.0,360.0,child,8001,f262a9a43b2cc780,8000,router_c,3,3,11,5,router_c,9002,f262a9a43b2cc780,0.0,0.0,0.0,0.0,1,1,0.0,7.0,7.0,7.0,otns_model_derived_at_ping,model_derived,1.0,-86.146,1,-86.146,1,618.0,False,True,MutualInterference,minimal_end_device,med,enabled,True,packet_probe,"{""RxFailed"": ""0"", ""RxSuccess"": ""192"", ""TxFailed"": ""7"", ""TxSuccess"": ""151""}","{""Attach Attempts"": ""2"", ""Better Parent Attach Attempts"": ""2"", ""Better Partition Attach Attempts"": ""0"", ""Parent Changes"": ""1"", ""Partition Id Changes"": ""1"", ""Role Child"": ""2"", ""Role Detached"": ""2"", ""Role Disabled"": ""0"", ""Role Leader"": ""0"", ""Role Router"": ""0"", ""Time Child Milli"": ""606372"", ""Time Detached Milli"": ""11628"", ""Time Disabled Milli"": ""0"", ""Time Leader Milli"": ""0"", ""Time Router Milli"": ""0"", ""Time Tracked Milli"": ""618000""}",,,,,,
138,619.0,1500.0,360.0,child,8001,f262a9a43b2cc780,8000,router_c,3,3,12,5,router_c,9002,f262a9a43b2cc780,0.0,0.0,0.0,0.0,1,1,0.0,6.0,6.0,6.0,otns_model_derived_at_ping,model_derived,1.0,-86.146,1,-86.146,1,619.0,False,True,MutualInterference,minimal_end_device,med,enabled,True,packet_probe,"{""RxFailed"": ""0"", ""RxSuccess"": ""193"", ""TxFailed"": ""7"", ""TxSuccess"": ""152""}","{""Attach Attempts"": ""2"", ""Better Parent Attach Attempts"": ""2"", ""Better Partition Attach Attempts"": ""0"", ""Parent Changes"": ""1"", ""Partition Id Changes"": ""1"", ""Role Child"": ""2"", ""Role Detached"": ""2"", ""Role Disabled"": ""0"", ""Role Leader"": ""0"", ""Role Router"": ""0"", ""Time Child Milli"": ""607372"", ""Time Detached Milli"": ""11628"", ""Time Disabled Milli"": ""0"", ""Time Leader Milli"": ""0"", ""Time Router Milli"": ""0"", ""Time Tracked Milli"": ""619000""}",,,,,,
139,620.0,1500.0,360.0,child,8001,f262a9a43b2cc780,8000,router_c,3,3,13,5,router_c,9002,f262a9a43b2cc780,0.0,0.0,0.0,0.0,1,1,0.0,8.0,8.0,8.0,otns_model_derived_at_ping,model_derived,1.0,-86.146,1,-86.146,1,620.0,False,True,MutualInterference,minimal_end_device,med,enabled,True,packet_probe,"{""RxFailed"": ""0"", ""RxSuccess"": ""194"", ""TxFailed"": ""7"", ""TxSuccess"": ""153""}","{""Attach Attempts"": ""2"", ""Better Parent Attach Attempts"": ""2"", ""Better Partition Attach Attempts"": ""0"", ""Parent Changes"": ""1"", ""Partition Id Changes"": ""1"", ""Role Child"": ""2"", ""Role Detached"": ""2"", ""Role Disabled"": ""0"", ""Role Leader"": ""0"", ""Role Router"": ""0"", ""Time Child Milli"": ""608372"", ""Time Detached Milli"": ""11628"", ""Time Disabled Milli"": ""0"", ""Time Leader Milli"": ""0"", ""Time Router Milli"": ""0"", ""Time Tracked Milli"": ""620000""}",,,,,,
140,621.0,1500.0,360.0,child,8001,f262a9a43b2cc780,8000,router_c,3,3,0,5,router_c,9002,f262a9a43b2cc780,0.0,0.0,0.0,0.0,1,1,0.0,6.0,6.0,6.0,otns_model_derived_at_ping,model_derived,1.0,-86.146,1,-86.146,1,621.0,False,True,MutualInterference,minimal_end_device,med,enabled,True,packet_probe,"{""RxFailed"": ""0"", ""RxSuccess"": ""196"", ""TxFailed"": ""7"", ""TxSuccess"": ""154""}","{""Attach Attempts"": ""2"", ""Better Parent Attach Attempts"": ""2"", ""Better Partition Attach Attempts"": ""0"", ""Parent Changes"": ""1"", ""Partition Id Changes"": ""1"", ""Role Child"": ""2"", ""Role Detached"": ""2"", ""Role Disabled"": ""0"", ""Role Leader"": ""0"", ""Role Router"": ""0"", ""Time Child Milli"": ""609372"", ""Time Detached Milli"": ""11628"", ""Time Disabled Milli"": ""0"", ""Time Leader Milli"": ""0"", ""Time Router Milli"": ""0"", ""Time Tracked Milli"": ""621000""}",,,,,,
141,622.0,1500.0,360.0,child,8001,f262a9a43b2cc780,8000,router_c,3,3,1,5,router_c,9002,f262a9a43b2cc780,0.0,0.0,0.0,0.0,1,1,0.0,9.0,9.0,9.0,otns_model_derived_at_ping,model_derived,1.0,-86.146,1,-86.146,1,622.0,False,True,MutualInterference,minimal_end_device,med,enabled,True,packet_probe,"{""RxFailed"": ""0"", ""RxSuccess"": ""197"", ""TxFailed"": ""7"", ""TxSuccess"": ""155""}","{""Attach Attempts"": ""2"", ""Better Parent Attach Attempts"": ""2"", ""Better Partition Attach Attempts"": ""0"", ""Parent Changes"": ""1"", ""Partition Id Changes"": ""1"", ""Role Child"": ""2"", ""Role Detached"": ""2"", ""Role Disabled"": ""0"", ""Role Leader"": ""0"", ""Role Router"": ""0"", ""Time Child Milli"": ""610372"", ""Time Detached Milli"": ""11628"", ""Time Disabled Milli"": ""0"", ""Time Leader Milli"": ""0"", ""Time Router Milli"": ""0"", ""Time Tracked Milli"": ""622000""}",,,,,,
142,623.0,1500.0,360.0,child,8001,f262a9a43b2cc780,8000,router_c,3,3,2,5,router_c,9002,f262a9a43b2cc780,0.0,0.0,0.0,0.0,1,1,0.0,7.0,7.0,7.0,otns_model_derived_at_ping,model_derived,1.0,-86.146,1,-86.146,1,623.0,False,True,MutualInterference,minimal_end_device,med,enabled,True,packet_probe,"{""RxFailed"": ""0"", ""RxSuccess"": ""198"", ""TxFailed"": ""7"", ""TxSuccess"": ""156""}","{""Attach Attempts"": ""2"", ""Better Parent Attach Attempts"": ""2"", ""Better Partition Attach Attempts"": ""0"", ""Parent Changes"": ""1"", ""Partition Id Changes"": ""1"", ""Role Child"": ""2"", ""Role Detached"": ""2"", ""Role Disabled"": ""0"", ""Role Leader"": ""0"", ""Role Router"": ""0"", ""Time Child Milli"": ""611372"", ""Time Detached Milli"": ""11628"", ""Time Disabled Milli"": ""0"", ""Time Leader Milli"": ""0"", ""Time Router Milli"": ""0"", ""Time Tracked Milli"": ""623000""}",,,,,,
143,624.0,1500.0,360.0,child,8001,f262a9a43b2cc780,8000,router_c,3,3,3,5,router_c,9002,f262a9a43b2cc780,0.0,0.0,0.0,0.0,1,1,0.0,8.0,8.0,8.0,otns_model_derived_at_ping,model_derived,1.0,-86.146,1,-86.146,1,624.0,False,True,MutualInterference,minimal_end_device,med,enabled,True,packet_probe,"{""RxFailed"": ""0"", ""RxSuccess"": ""199"", ""TxFailed"": ""7"", ""TxSuccess"": ""157""}","{""Attach Attempts"": ""2"", ""Better Parent Attach Attempts"": ""2"", ""Better Partition Attach Attempts"": ""0"", ""Parent Changes"": ""1"", ""Partition Id Changes"": ""1"", ""Role Child"": ""2"", ""Role Detached"": ""2"", ""Role Disabled"": ""0"", ""Role Leader"": ""0"", ""Role Router"": ""0"", ""Time Child Milli"": ""612372"", ""Time Detached Milli"": ""11628"", ""Time Disabled Milli"": ""0"", ""Time Leader Milli"": ""0"", ""Time Router Milli"": ""0"", ""Time Tracked Milli"": ""624000""}",,,,,,
144,625.0,1500.0,360.0,child,8001,f262a9a43b2cc780,8000,router_c,3,3,4,5,router_c,9002,f262a9a43b2cc780,0.0,0.0,0.0,0.0,1,1,0.0,9.0,9.0,9.0,otns_model_derived_at_ping,model_derived,1.0,-86.146,1,-86.146,1,625.0,False,True,MutualInterference,minimal_end_device,med,enabled,True,packet_probe,"{""RxFailed"": ""0"", ""RxSuccess"": ""200"", ""TxFailed"": ""7"", ""TxSuccess"": ""158""}","{""Attach Attempts"": ""2"", ""Better Parent Attach Attempts"": ""2"", ""Better Partition Attach Attempts"": ""0"", ""Parent Changes"": ""1"", ""Partition Id Changes"": ""1"", ""Role Child"": ""2"", ""Role Detached"": ""2"", ""Role Disabled"": ""0"", ""Role Leader"": ""0"", ""Role Router"": ""0"", ""Time Child Milli"": ""613372"", ""Time Detached Milli"": ""11628"", ""Time Disabled Milli"": ""0"", ""Time Leader Milli"": ""0"", ""Time Router Milli"": ""0"", ""Time Tracked Milli"": ""625000""}",,,,,,
145,626.0,1500.0,360.0,child,8001,f262a9a43b2cc780,8000,router_c,3,3,5,5,router_c,9002,f262a9a43b2cc780,0.0,0.0,0.0,0.0,1,1,0.0,7.0,7.0,7.0,otns_model_derived_at_ping,model_derived,1.0,-86.146,1,-86.146,1,626.0,False,True,MutualInterference,minimal_end_device,med,enabled,True,packet_probe,"{""RxFailed"": ""0"", ""RxSuccess"": ""201"", ""TxFailed"": ""7"", ""TxSuccess"": ""159""}","{""Attach Attempts"": ""2"", ""Better Parent Attach Attempts"": ""2"", ""Better Partition Attach Attempts"": ""0"", ""Parent Changes"": ""1"", ""Partition Id Changes"": ""1"", ""Role Child"": ""2"", ""Role Detached"": ""2"", ""Role Disabled"": ""0"", ""Role Leader"": ""0"", ""Role Router"": ""0"", ""Time Child Milli"": ""614372"", ""Time Detached Milli"": ""11628"", ""Time Disabled Milli"": ""0"", ""Time Leader Milli"": ""0"", ""Time Router Milli"": ""0"", ""Time Tracked Milli"": ""626000""}",,,,,,
146,627.0,1500.0,360.0,child,8001,f262a9a43b2cc780,8000,router_c,3,3,6,5,router_c,9002,f262a9a43b2cc780,0.0,0.0,0.0,0.0,1,1,0.0,7.0,7.0,7.0,otns_model_derived_at_ping,model_derived,1.0,-86.146,1,-86.146,1,627.0,False,True,MutualInterference,minimal_end_device,med,enabled,True,packet_probe,"{""RxFailed"": ""0"", ""RxSuccess"": ""202"", ""TxFailed"": ""7"", ""TxSuccess"": ""160""}","{""Attach Attempts"": ""2"", ""Better Parent Attach Attempts"": ""2"", ""Better Partition Attach Attempts"": ""0"", ""Parent Changes"": ""1"", ""Partition Id Changes"": ""1"", ""Role Child"": ""2"", ""Role Detached"": ""2"", ""Role Disabled"": ""0"", ""Role Leader"": ""0"", ""Role Router"": ""0"", ""Time Child Milli"": ""615372"", ""Time Detached Milli"": ""11628"", ""Time Disabled Milli"": ""0"", ""Time Leader Milli"": ""0"", ""Time Router Milli"": ""0"", ""Time Tracked Milli"": ""627000""}",,,,,,
147,628.0,1500.0,360.0,child,8001,f262a9a43b2cc780,8000,router_c,3,3,0,5,router_c,9002,f262a9a43b2cc780,0.0,0.0,0.0,0.0,1,1,0.0,8.0,8.0,8.0,otns_model_derived_at_ping,model_derived,1.0,-86.146,1,-86.146,1,628.0,False,True,MutualInterference,minimal_end_device,med,enabled,True,packet_probe,"{""RxFailed"": ""0"", ""RxSuccess"": ""204"", ""TxFailed"": ""7"", ""TxSuccess"": ""161""}","{""Attach Attempts"": ""2"", ""Better Parent Attach Attempts"": ""2"", ""Better Partition Attach Attempts"": ""0"", ""Parent Changes"": ""1"", ""Partition Id Changes"": ""1"", ""Role Child"": ""2"", ""Role Detached"": ""2"", ""Role Disabled"": ""0"", ""Role Leader"": ""0"", ""Role Router"": ""0"", ""Time Child Milli"": ""616372"", ""Time Detached Milli"": ""11628"", ""Time Disabled Milli"": ""0"", ""Time Leader Milli"": ""0"", ""Time Router Milli"": ""0"", ""Time Tracked Milli"": ""628000""}",,,,,,
148,629.0,1500.0,360.0,child,8001,f262a9a43b2cc780,8000,router_c,3,3,1,5,router_c,9002,f262a9a43b2cc780,0.0,0.0,0.0,0.0,1,1,0.0,7.0,7.0,7.0,otns_model_derived_at_ping,model_derived,1.0,-86.146,1,-86.146,1,629.0,False,True,MutualInterference,minimal_end_device,med,enabled,True,packet_probe,"{""RxFailed"": ""0"", ""RxSuccess"": ""205"", ""TxFailed"": ""7"", ""TxSuccess"": ""162""}","{""Attach Attempts"": ""2"", ""Better Parent Attach Attempts"": ""2"", ""Better Partition Attach Attempts"": ""0"", ""Parent Changes"": ""1"", ""Partition Id Changes"": ""1"", ""Role Child"": ""2"", ""Role Detached"": ""2"", ""Role Disabled"": ""0"", ""Role Leader"": ""0"", ""Role Router"": ""0"", ""Time Child Milli"": ""617372"", ""Time Detached Milli"": ""11628"", ""Time Disabled Milli"": ""0"", ""Time Leader Milli"": ""0"", ""Time Router Milli"": ""0"", ""Time Tracked Milli"": ""629000""}",,,,,,
149,630.0,1500.0,360.0,child,8001,f262a9a43b2cc780,8000,router_c,3,3,2,5,router_c,9002,f262a9a43b2cc780,0.0,0.0,0.0,0.0,1,1,0.0,7.0,7.0,7.0,otns_model_derived_at_ping,model_derived,1.0,-86.146,1,-86.146,1,630.0,False,True,MutualInterference,minimal_end_device,med,enabled,True,packet_probe,"{""RxFailed"": ""0"", ""RxSuccess"": ""206"", ""TxFailed"": ""7"", ""TxSuccess"": ""163""}","{""Attach Attempts"": ""2"", ""Better Parent Attach Attempts"": ""2"", ""Better Partition Attach Attempts"": ""0"", ""Parent Changes"": ""1"", ""Partition Id Changes"": ""1"", ""Role Child"": ""2"", ""Role Detached"": ""2"", ""Role Disabled"": ""0"", ""Role Leader"": ""0"", ""Role Router"": ""0"", ""Time Child Milli"": ""618372"", ""Time Detached Milli"": ""11628"", ""Time Disabled Milli"": ""0"", ""Time Leader Milli"": ""0"", ""Time Router Milli"": ""0"", ""Time Tracked Milli"": ""630000""}",,,,,,
150,631.0,1500.0,360.0,child,8001,f262a9a43b2cc780,8000,router_c,3,3,3,5,router_c,9002,f262a9a43b2cc780,0.0,0.0,0.0,0.0,1,1,0.0,8.0,8.0,8.0,otns_model_derived_at_ping,model_derived,1.0,-86.146,1,-86.146,1,631.0,False,True,MutualInterference,minimal_end_device,med,enabled,True,packet_probe,"{""RxFailed"": ""0"", ""RxSuccess"": ""207"", ""TxFailed"": ""7"", ""TxSuccess"": ""164""}","{""Attach Attempts"": ""2"", ""Better Parent Attach Attempts"": ""2"", ""Better Partition Attach Attempts"": ""0"", ""Parent Changes"": ""1"", ""Partition Id Changes"": ""1"", ""Role Child"": ""2"", ""Role Detached"": ""2"", ""Role Disabled"": ""0"", ""Role Leader"": ""0"", ""Role Router"": ""0"", ""Time Child Milli"": ""619372"", ""Time Detached Milli"": ""11628"", ""Time Disabled Milli"": ""0"", ""Time Leader Milli"": ""0"", ""Time Router Milli"": ""0"", ""Time Tracked Milli"": ""631000""}",,,,,,
151,632.0,1500.0,360.0,child,8001,f262a9a43b2cc780,8000,router_c,3,3,4,5,router_c,9002,f262a9a43b2cc780,0.0,0.0,0.0,0.0,1,1,0.0,8.0,8.0,8.0,otns_model_derived_at_ping,model_derived,1.0,-86.146,1,-86.146,1,632.0,False,True,MutualInterference,minimal_end_device,med,enabled,True,packet_probe,"{""RxFailed"": ""0"", ""RxSuccess"": ""208"", ""TxFailed"": ""7"", ""TxSuccess"": ""165""}","{""Attach Attempts"": ""2"", ""Better Parent Attach Attempts"": ""2"", ""Better Partition Attach Attempts"": ""0"", ""Parent Changes"": ""1"", ""Partition Id Changes"": ""1"", ""Role Child"": ""2"", ""Role Detached"": ""2"", ""Role Disabled"": ""0"", ""Role Leader"": ""0"", ""Role Router"": ""0"", ""Time Child Milli"": ""620372"", ""Time Detached Milli"": ""11628"", ""Time Disabled Milli"": ""0"", ""Time Leader Milli"": ""0"", ""Time Router Milli"": ""0"", ""Time Tracked Milli"": ""632000""}",,,,,,
152,633.0,1500.0,360.0,child,8001,f262a9a43b2cc780,8000,router_c,3,3,5,5,router_c,9002,f262a9a43b2cc780,0.0,0.0,0.0,0.0,1,1,0.0,6.0,6.0,6.0,otns_model_derived_at_ping,model_derived,1.0,-86.146,1,-86.146,1,633.0,False,True,MutualInterference,minimal_end_device,med,enabled,True,packet_probe,"{""RxFailed"": ""0"", ""RxSuccess"": ""209"", ""TxFailed"": ""7"", ""TxSuccess"": ""166""}","{""Attach Attempts"": ""2"", ""Better Parent Attach Attempts"": ""2"", ""Better Partition Attach Attempts"": ""0"", ""Parent Changes"": ""1"", ""Partition Id Changes"": ""1"", ""Role Child"": ""2"", ""Role Detached"": ""2"", ""Role Disabled"": ""0"", ""Role Leader"": ""0"", ""Role Router"": ""0"", ""Time Child Milli"": ""621372"", ""Time Detached Milli"": ""11628"", ""Time Disabled Milli"": ""0"", ""Time Leader Milli"": ""0"", ""Time Router Milli"": ""0"", ""Time Tracked Milli"": ""633000""}",,,,,,
153,634.0,1500.0,360.0,child,8001,f262a9a43b2cc780,8000,router_c,3,3,6,5,router_c,9002,f262a9a43b2cc780,0.0,0.0,0.0,0.0,1,1,0.0,7.0,7.0,7.0,otns_model_derived_at_ping,model_derived,1.0,-86.146,1,-86.146,1,634.0,False,True,MutualInterference,minimal_end_device,med,enabled,True,packet_probe,"{""RxFailed"": ""0"", ""RxSuccess"": ""210"", ""TxFailed"": ""7"", ""TxSuccess"": ""167""}","{""Attach Attempts"": ""2"", ""Better Parent Attach Attempts"": ""2"", ""Better Partition Attach Attempts"": ""0"", ""Parent Changes"": ""1"", ""Partition Id Changes"": ""1"", ""Role Child"": ""2"", ""Role Detached"": ""2"", ""Role Disabled"": ""0"", ""Role Leader"": ""0"", ""Role Router"": ""0"", ""Time Child Milli"": ""622372"", ""Time Detached Milli"": ""11628"", ""Time Disabled Milli"": ""0"", ""Time Leader Milli"": ""0"", ""Time Router Milli"": ""0"", ""Time Tracked Milli"": ""634000""}",,,,,,
154,635.0,1500.0,360.0,child,8001,f262a9a43b2cc780,8000,router_c,3,3,7,5,router_c,9002,f262a9a43b2cc780,0.0,0.0,0.0,0.0,1,1,0.0,5.0,5.0,5.0,otns_model_derived_at_ping,model_derived,1.0,-86.146,1,-86.146,1,635.0,False,True,MutualInterference,minimal_end_device,med,enabled,True,packet_probe,"{""RxFailed"": ""0"", ""RxSuccess"": ""211"", ""TxFailed"": ""7"", ""TxSuccess"": ""168""}","{""Attach Attempts"": ""2"", ""Better Parent Attach Attempts"": ""2"", ""Better Partition Attach Attempts"": ""0"", ""Parent Changes"": ""1"", ""Partition Id Changes"": ""1"", ""Role Child"": ""2"", ""Role Detached"": ""2"", ""Role Disabled"": ""0"", ""Role Leader"": ""0"", ""Role Router"": ""0"", ""Time Child Milli"": ""623372"", ""Time Detached Milli"": ""11628"", ""Time Disabled Milli"": ""0"", ""Time Leader Milli"": ""0"", ""Time Router Milli"": ""0"", ""Time Tracked Milli"": ""635000""}",,,,,,
155,636.0,1500.0,360.0,child,8001,f262a9a43b2cc780,8000,router_c,3,3,8,5,router_c,9002,f262a9a43b2cc780,0.0,0.0,0.0,0.0,1,1,0.0,8.0,8.0,8.0,otns_model_derived_at_ping,model_derived,1.0,-86.146,1,-86.146,1,636.0,False,True,MutualInterference,minimal_end_device,med,enabled,True,packet_probe,"{""RxFailed"": ""0"", ""RxSuccess"": ""212"", ""TxFailed"": ""7"", ""TxSuccess"": ""169""}","{""Attach Attempts"": ""2"", ""Better Parent Attach Attempts"": ""2"", ""Better Partition Attach Attempts"": ""0"", ""Parent Changes"": ""1"", ""Partition Id Changes"": ""1"", ""Role Child"": ""2"", ""Role Detached"": ""2"", ""Role Disabled"": ""0"", ""Role Leader"": ""0"", ""Role Router"": ""0"", ""Time Child Milli"": ""624372"", ""Time Detached Milli"": ""11628"", ""Time Disabled Milli"": ""0"", ""Time Leader Milli"": ""0"", ""Time Router Milli"": ""0"", ""Time Tracked Milli"": ""636000""}",,,,,,
156,637.0,1500.0,360.0,child,8001,f262a9a43b2cc780,8000,router_c,3,3,9,5,router_c,9002,f262a9a43b2cc780,0.0,0.0,0.0,0.0,1,1,0.0,7.0,7.0,7.0,otns_model_derived_at_ping,model_derived,1.0,-86.146,1,-86.146,1,637.0,False,True,MutualInterference,minimal_end_device,med,enabled,True,packet_probe,"{""RxFailed"": ""0"", ""RxSuccess"": ""213"", ""TxFailed"": ""7"", ""TxSuccess"": ""170""}","{""Attach Attempts"": ""2"", ""Better Parent Attach Attempts"": ""2"", ""Better Partition Attach Attempts"": ""0"", ""Parent Changes"": ""1"", ""Partition Id Changes"": ""1"", ""Role Child"": ""2"", ""Role Detached"": ""2"", ""Role Disabled"": ""0"", ""Role Leader"": ""0"", ""Role Router"": ""0"", ""Time Child Milli"": ""625372"", ""Time Detached Milli"": ""11628"", ""Time Disabled Milli"": ""0"", ""Time Leader Milli"": ""0"", ""Time Router Milli"": ""0"", ""Time Tracked Milli"": ""637000""}",,,,,,
157,638.0,1500.0,360.0,child,8001,f262a9a43b2cc780,8000,router_c,3,3,10,5,router_c,9002,f262a9a43b2cc780,0.0,0.0,0.0,0.0,1,1,0.0,8.0,8.0,8.0,otns_model_derived_at_ping,model_derived,1.0,-86.146,1,-86.146,1,638.0,False,True,MutualInterference,minimal_end_device,med,enabled,True,packet_probe,"{""RxFailed"": ""0"", ""RxSuccess"": ""214"", ""TxFailed"": ""7"", ""TxSuccess"": ""171""}","{""Attach Attempts"": ""2"", ""Better Parent Attach Attempts"": ""2"", ""Better Partition Attach Attempts"": ""0"", ""Parent Changes"": ""1"", ""Partition Id Changes"": ""1"", ""Role Child"": ""2"", ""Role Detached"": ""2"", ""Role Disabled"": ""0"", ""Role Leader"": ""0"", ""Role Router"": ""0"", ""Time Child Milli"": ""626372"", ""Time Detached Milli"": ""11628"", ""Time Disabled Milli"": ""0"", ""Time Leader Milli"": ""0"", ""Time Router Milli"": ""0"", ""Time Tracked Milli"": ""638000""}",,,,,,
158,639.0,1500.0,360.0,child,8001,f262a9a43b2cc780,8000,router_c,3,3,11,5,router_c,9002,f262a9a43b2cc780,0.0,0.0,0.0,0.0,1,1,0.0,7.0,7.0,7.0,otns_model_derived_at_ping,model_derived,1.0,-86.146,1,-86.146,1,639.0,False,True,MutualInterference,minimal_end_device,med,enabled,True,packet_probe,"{""RxFailed"": ""0"", ""RxSuccess"": ""215"", ""TxFailed"": ""7"", ""TxSuccess"": ""172""}","{""Attach Attempts"": ""2"", ""Better Parent Attach Attempts"": ""2"", ""Better Partition Attach Attempts"": ""0"", ""Parent Changes"": ""1"", ""Partition Id Changes"": ""1"", ""Role Child"": ""2"", ""Role Detached"": ""2"", ""Role Disabled"": ""0"", ""Role Leader"": ""0"", ""Role Router"": ""0"", ""Time Child Milli"": ""627372"", ""Time Detached Milli"": ""11628"", ""Time Disabled Milli"": ""0"", ""Time Leader Milli"": ""0"", ""Time Router Milli"": ""0"", ""Time Tracked Milli"": ""639000""}",,,,,,
159,640.0,1500.0,360.0,child,8001,f262a9a43b2cc780,8000,router_c,3,3,12,5,router_c,9002,f262a9a43b2cc780,0.0,0.0,0.0,0.0,1,1,0.0,6.0,6.0,6.0,otns_model_derived_at_ping,model_derived,1.0,-86.146,1,-86.146,1,640.0,False,True,MutualInterference,minimal_end_device,med,enabled,True,packet_probe,"{""RxFailed"": ""0"", ""RxSuccess"": ""216"", ""TxFailed"": ""7"", ""TxSuccess"": ""173""}","{""Attach Attempts"": ""2"", ""Better Parent Attach Attempts"": ""2"", ""Better Partition Attach Attempts"": ""0"", ""Parent Changes"": ""1"", ""Partition Id Changes"": ""1"", ""Role Child"": ""2"", ""Role Detached"": ""2"", ""Role Disabled"": ""0"", ""Role Leader"": ""0"", ""Role Router"": ""0"", ""Time Child Milli"": ""628372"", ""Time Detached Milli"": ""11628"", ""Time Disabled Milli"": ""0"", ""Time Leader Milli"": ""0"", ""Time Router Milli"": ""0"", ""Time Tracked Milli"": ""640000""}",,,,,,
160,641.0,1500.0,360.0,child,8001,f262a9a43b2cc780,8000,router_c,3,3,13,5,router_c,9002,f262a9a43b2cc780,0.0,0.0,0.0,0.0,1,1,0.0,6.0,6.0,6.0,otns_model_derived_at_ping,model_derived,1.0,-86.146,1,-86.146,1,641.0,False,True,MutualInterference,minimal_end_device,med,enabled,True,packet_probe,"{""RxFailed"": ""0"", ""RxSuccess"": ""217"", ""TxFailed"": ""7"", ""TxSuccess"": ""174""}","{""Attach Attempts"": ""2"", ""Better Parent Attach Attempts"": ""2"", ""Better Partition Attach Attempts"": ""0"", ""Parent Changes"": ""1"", ""Partition Id Changes"": ""1"", ""Role Child"": ""2"", ""Role Detached"": ""2"", ""Role Disabled"": ""0"", ""Role Leader"": ""0"", ""Role Router"": ""0"", ""Time Child Milli"": ""629372"", ""Time Detached Milli"": ""11628"", ""Time Disabled Milli"": ""0"", ""Time Leader Milli"": ""0"", ""Time Router Milli"": ""0"", ""Time Tracked Milli"": ""641000""}",,,,,,
161,642.0,1500.0,360.0,child,8001,f262a9a43b2cc780,8000,router_c,3,3,0,5,router_c,9002,f262a9a43b2cc780,0.0,0.0,0.0,0.0,1,1,0.0,9.0,9.0,9.0,otns_model_derived_at_ping,model_derived,1.0,-86.146,1,-86.146,1,642.0,False,True,MutualInterference,minimal_end_device,med,enabled,True,packet_probe,"{""RxFailed"": ""0"", ""RxSuccess"": ""219"", ""TxFailed"": ""7"", ""TxSuccess"": ""175""}","{""Attach Attempts"": ""2"", ""Better Parent Attach Attempts"": ""2"", ""Better Partition Attach Attempts"": ""0"", ""Parent Changes"": ""1"", ""Partition Id Changes"": ""1"", ""Role Child"": ""2"", ""Role Detached"": ""2"", ""Role Disabled"": ""0"", ""Role Leader"": ""0"", ""Role Router"": ""0"", ""Time Child Milli"": ""630372"", ""Time Detached Milli"": ""11628"", ""Time Disabled Milli"": ""0"", ""Time Leader Milli"": ""0"", ""Time Router Milli"": ""0"", ""Time Tracked Milli"": ""642000""}",,,,,,
162,643.0,1500.0,360.0,child,8001,f262a9a43b2cc780,8000,router_c,3,3,1,5,router_c,9002,f262a9a43b2cc780,0.0,0.0,0.0,0.0,1,1,0.0,11.0,11.0,11.0,otns_model_derived_at_ping,model_derived,1.0,-86.146,1,-86.146,1,643.0,False,True,MutualInterference,minimal_end_device,med,enabled,True,packet_probe,"{""RxFailed"": ""0"", ""RxSuccess"": ""220"", ""TxFailed"": ""7"", ""TxSuccess"": ""176""}","{""Attach Attempts"": ""2"", ""Better Parent Attach Attempts"": ""2"", ""Better Partition Attach Attempts"": ""0"", ""Parent Changes"": ""1"", ""Partition Id Changes"": ""1"", ""Role Child"": ""2"", ""Role Detached"": ""2"", ""Role Disabled"": ""0"", ""Role Leader"": ""0"", ""Role Router"": ""0"", ""Time Child Milli"": ""631372"", ""Time Detached Milli"": ""11628"", ""Time Disabled Milli"": ""0"", ""Time Leader Milli"": ""0"", ""Time Router Milli"": ""0"", ""Time Tracked Milli"": ""643000""}",,,,,,
163,644.0,1500.0,360.0,child,8001,f262a9a43b2cc780,8000,router_c,3,3,2,5,router_c,9002,f262a9a43b2cc780,0.0,0.0,0.0,0.0,1,1,0.0,6.0,6.0,6.0,otns_model_derived_at_ping,model_derived,1.0,-86.146,1,-86.146,1,644.0,False,True,MutualInterference,minimal_end_device,med,enabled,True,packet_probe,"{""RxFailed"": ""0"", ""RxSuccess"": ""221"", ""TxFailed"": ""7"", ""TxSuccess"": ""177""}","{""Attach Attempts"": ""2"", ""Better Parent Attach Attempts"": ""2"", ""Better Partition Attach Attempts"": ""0"", ""Parent Changes"": ""1"", ""Partition Id Changes"": ""1"", ""Role Child"": ""2"", ""Role Detached"": ""2"", ""Role Disabled"": ""0"", ""Role Leader"": ""0"", ""Role Router"": ""0"", ""Time Child Milli"": ""632372"", ""Time Detached Milli"": ""11628"", ""Time Disabled Milli"": ""0"", ""Time Leader Milli"": ""0"", ""Time Router Milli"": ""0"", ""Time Tracked Milli"": ""644000""}",,,,,,
164,645.0,1500.0,360.0,child,8001,f262a9a43b2cc780,8000,router_c,3,3,3,5,router_c,9002,f262a9a43b2cc780,0.0,0.0,0.0,0.0,1,1,0.0,5.0,5.0,5.0,otns_model_derived_at_ping,model_derived,1.0,-86.146,1,-86.146,1,645.0,False,True,MutualInterference,minimal_end_device,med,enabled,True,packet_probe,"{""RxFailed"": ""0"", ""RxSuccess"": ""222"", ""TxFailed"": ""7"", ""TxSuccess"": ""178""}","{""Attach Attempts"": ""2"", ""Better Parent Attach Attempts"": ""2"", ""Better Partition Attach Attempts"": ""0"", ""Parent Changes"": ""1"", ""Partition Id Changes"": ""1"", ""Role Child"": ""2"", ""Role Detached"": ""2"", ""Role Disabled"": ""0"", ""Role Leader"": ""0"", ""Role Router"": ""0"", ""Time Child Milli"": ""633372"", ""Time Detached Milli"": ""11628"", ""Time Disabled Milli"": ""0"", ""Time Leader Milli"": ""0"", ""Time Router Milli"": ""0"", ""Time Tracked Milli"": ""645000""}",,,,,,
165,646.0,1500.0,360.0,child,8001,f262a9a43b2cc780,8000,router_c,3,3,4,5,router_c,9002,f262a9a43b2cc780,0.0,0.0,0.0,0.0,1,1,0.0,5.0,5.0,5.0,otns_model_derived_at_ping,model_derived,1.0,-86.146,1,-86.146,1,646.0,False,True,MutualInterference,minimal_end_device,med,enabled,True,packet_probe,"{""RxFailed"": ""0"", ""RxSuccess"": ""223"", ""TxFailed"": ""7"", ""TxSuccess"": ""179""}","{""Attach Attempts"": ""2"", ""Better Parent Attach Attempts"": ""2"", ""Better Partition Attach Attempts"": ""0"", ""Parent Changes"": ""1"", ""Partition Id Changes"": ""1"", ""Role Child"": ""2"", ""Role Detached"": ""2"", ""Role Disabled"": ""0"", ""Role Leader"": ""0"", ""Role Router"": ""0"", ""Time Child Milli"": ""634372"", ""Time Detached Milli"": ""11628"", ""Time Disabled Milli"": ""0"", ""Time Leader Milli"": ""0"", ""Time Router Milli"": ""0"", ""Time Tracked Milli"": ""646000""}",,,,,,
166,647.0,1500.0,360.0,child,8001,f262a9a43b2cc780,8000,router_c,3,3,5,5,router_c,9002,f262a9a43b2cc780,0.0,0.0,0.0,0.0,1,1,0.0,6.0,6.0,6.0,otns_model_derived_at_ping,model_derived,1.0,-86.146,1,-86.146,1,647.0,False,True,MutualInterference,minimal_end_device,med,enabled,True,packet_probe,"{""RxFailed"": ""0"", ""RxSuccess"": ""224"", ""TxFailed"": ""7"", ""TxSuccess"": ""180""}","{""Attach Attempts"": ""2"", ""Better Parent Attach Attempts"": ""2"", ""Better Partition Attach Attempts"": ""0"", ""Parent Changes"": ""1"", ""Partition Id Changes"": ""1"", ""Role Child"": ""2"", ""Role Detached"": ""2"", ""Role Disabled"": ""0"", ""Role Leader"": ""0"", ""Role Router"": ""0"", ""Time Child Milli"": ""635372"", ""Time Detached Milli"": ""11628"", ""Time Disabled Milli"": ""0"", ""Time Leader Milli"": ""0"", ""Time Router Milli"": ""0"", ""Time Tracked Milli"": ""647000""}",,,,,,
167,648.0,1500.0,360.0,child,8001,f262a9a43b2cc780,8000,router_c,3,3,6,5,router_c,9002,f262a9a43b2cc780,0.0,0.0,0.0,0.0,1,1,0.0,7.0,7.0,7.0,otns_model_derived_at_ping,model_derived,1.0,-86.146,1,-86.146,1,648.0,False,True,MutualInterference,minimal_end_device,med,enabled,True,packet_probe,"{""RxFailed"": ""0"", ""RxSuccess"": ""225"", ""TxFailed"": ""7"", ""TxSuccess"": ""181""}","{""Attach Attempts"": ""2"", ""Better Parent Attach Attempts"": ""2"", ""Better Partition Attach Attempts"": ""0"", ""Parent Changes"": ""1"", ""Partition Id Changes"": ""1"", ""Role Child"": ""2"", ""Role Detached"": ""2"", ""Role Disabled"": ""0"", ""Role Leader"": ""0"", ""Role Router"": ""0"", ""Time Child Milli"": ""636372"", ""Time Detached Milli"": ""11628"", ""Time Disabled Milli"": ""0"", ""Time Leader Milli"": ""0"", ""Time Router Milli"": ""0"", ""Time Tracked Milli"": ""648000""}",,,,,,
168,649.0,1500.0,360.0,child,8001,f262a9a43b2cc780,8000,router_c,3,3,7,5,router_c,9002,f262a9a43b2cc780,0.0,0.0,0.0,0.0,1,1,0.0,6.0,6.0,6.0,otns_model_derived_at_ping,model_derived,1.0,-86.146,1,-86.146,1,649.0,False,True,MutualInterference,minimal_end_device,med,enabled,True,packet_probe,"{""RxFailed"": ""0"", ""RxSuccess"": ""226"", ""TxFailed"": ""7"", ""TxSuccess"": ""182""}","{""Attach Attempts"": ""2"", ""Better Parent Attach Attempts"": ""2"", ""Better Partition Attach Attempts"": ""0"", ""Parent Changes"": ""1"", ""Partition Id Changes"": ""1"", ""Role Child"": ""2"", ""Role Detached"": ""2"", ""Role Disabled"": ""0"", ""Role Leader"": ""0"", ""Role Router"": ""0"", ""Time Child Milli"": ""637372"", ""Time Detached Milli"": ""11628"", ""Time Disabled Milli"": ""0"", ""Time Leader Milli"": ""0"", ""Time Router Milli"": ""0"", ""Time Tracked Milli"": ""649000""}",,,,,,
169,650.0,1500.0,360.0,child,8001,f262a9a43b2cc780,8000,router_c,3,3,8,5,router_c,9002,f262a9a43b2cc780,0.0,0.0,0.0,0.0,1,1,0.0,6.0,6.0,6.0,otns_model_derived_at_ping,model_derived,1.0,-86.146,1,-86.146,1,650.0,False,True,MutualInterference,minimal_end_device,med,enabled,True,packet_probe,"{""RxFailed"": ""0"", ""RxSuccess"": ""227"", ""TxFailed"": ""7"", ""TxSuccess"": ""183""}","{""Attach Attempts"": ""2"", ""Better Parent Attach Attempts"": ""2"", ""Better Partition Attach Attempts"": ""0"", ""Parent Changes"": ""1"", ""Partition Id Changes"": ""1"", ""Role Child"": ""2"", ""Role Detached"": ""2"", ""Role Disabled"": ""0"", ""Role Leader"": ""0"", ""Role Router"": ""0"", ""Time Child Milli"": ""638372"", ""Time Detached Milli"": ""11628"", ""Time Disabled Milli"": ""0"", ""Time Leader Milli"": ""0"", ""Time Router Milli"": ""0"", ""Time Tracked Milli"": ""650000""}",,,,,,
170,651.0,1500.0,360.0,child,8001,f262a9a43b2cc780,8000,router_c,3,3,9,5,router_c,9002,f262a9a43b2cc780,0.0,0.0,0.0,0.0,1,1,0.0,9.0,9.0,9.0,otns_model_derived_at_ping,model_derived,1.0,-86.146,1,-86.146,1,651.0,False,True,MutualInterference,minimal_end_device,med,enabled,True,packet_probe,"{""RxFailed"": ""0"", ""RxSuccess"": ""228"", ""TxFailed"": ""7"", ""TxSuccess"": ""184""}","{""Attach Attempts"": ""2"", ""Better Parent Attach Attempts"": ""2"", ""Better Partition Attach Attempts"": ""0"", ""Parent Changes"": ""1"", ""Partition Id Changes"": ""1"", ""Role Child"": ""2"", ""Role Detached"": ""2"", ""Role Disabled"": ""0"", ""Role Leader"": ""0"", ""Role Router"": ""0"", ""Time Child Milli"": ""639372"", ""Time Detached Milli"": ""11628"", ""Time Disabled Milli"": ""0"", ""Time Leader Milli"": ""0"", ""Time Router Milli"": ""0"", ""Time Tracked Milli"": ""651000""}",,,,,,
171,652.0,1500.0,360.0,child,8001,f262a9a43b2cc780,8000,router_c,3,3,10,5,router_c,9002,f262a9a43b2cc780,0.0,0.0,0.0,0.0,1,1,0.0,6.0,6.0,6.0,otns_model_derived_at_ping,model_derived,1.0,-86.146,1,-86.146,1,652.0,False,True,MutualInterference,minimal_end_device,med,enabled,True,packet_probe,"{""RxFailed"": ""0"", ""RxSuccess"": ""229"", ""TxFailed"": ""7"", ""TxSuccess"": ""185""}","{""Attach Attempts"": ""2"", ""Better Parent Attach Attempts"": ""2"", ""Better Partition Attach Attempts"": ""0"", ""Parent Changes"": ""1"", ""Partition Id Changes"": ""1"", ""Role Child"": ""2"", ""Role Detached"": ""2"", ""Role Disabled"": ""0"", ""Role Leader"": ""0"", ""Role Router"": ""0"", ""Time Child Milli"": ""640372"", ""Time Detached Milli"": ""11628"", ""Time Disabled Milli"": ""0"", ""Time Leader Milli"": ""0"", ""Time Router Milli"": ""0"", ""Time Tracked Milli"": ""652000""}",,,,,,
172,653.0,1500.0,360.0,child,8001,f262a9a43b2cc780,8000,router_c,3,3,11,5,router_c,9002,f262a9a43b2cc780,0.0,0.0,0.0,0.0,1,1,0.0,7.0,7.0,7.0,otns_model_derived_at_ping,model_derived,1.0,-86.146,1,-86.146,1,653.0,False,True,MutualInterference,minimal_end_device,med,enabled,True,packet_probe,"{""RxFailed"": ""0"", ""RxSuccess"": ""230"", ""TxFailed"": ""7"", ""TxSuccess"": ""186""}","{""Attach Attempts"": ""2"", ""Better Parent Attach Attempts"": ""2"", ""Better Partition Attach Attempts"": ""0"", ""Parent Changes"": ""1"", ""Partition Id Changes"": ""1"", ""Role Child"": ""2"", ""Role Detached"": ""2"", ""Role Disabled"": ""0"", ""Role Leader"": ""0"", ""Role Router"": ""0"", ""Time Child Milli"": ""641372"", ""Time Detached Milli"": ""11628"", ""Time Disabled Milli"": ""0"", ""Time Leader Milli"": ""0"", ""Time Router Milli"": ""0"", ""Time Tracked Milli"": ""653000""}",,,,,,
173,654.0,1500.0,360.0,child,8001,f262a9a43b2cc780,8000,router_c,3,3,12,5,router_c,9002,f262a9a43b2cc780,0.0,0.0,0.0,0.0,1,1,0.0,6.0,6.0,6.0,otns_model_derived_at_ping,model_derived,1.0,-86.146,1,-86.146,1,654.0,False,True,MutualInterference,minimal_end_device,med,enabled,True,packet_probe,"{""RxFailed"": ""0"", ""RxSuccess"": ""231"", ""TxFailed"": ""7"", ""TxSuccess"": ""187""}","{""Attach Attempts"": ""2"", ""Better Parent Attach Attempts"": ""2"", ""Better Partition Attach Attempts"": ""0"", ""Parent Changes"": ""1"", ""Partition Id Changes"": ""1"", ""Role Child"": ""2"", ""Role Detached"": ""2"", ""Role Disabled"": ""0"", ""Role Leader"": ""0"", ""Role Router"": ""0"", ""Time Child Milli"": ""642372"", ""Time Detached Milli"": ""11628"", ""Time Disabled Milli"": ""0"", ""Time Leader Milli"": ""0"", ""Time Router Milli"": ""0"", ""Time Tracked Milli"": ""654000""}",,,,,,
174,655.0,1500.0,360.0,child,8001,f262a9a43b2cc780,8000,router_c,3,3,13,5,router_c,9002,f262a9a43b2cc780,0.0,0.0,0.0,0.0,1,1,0.0,5.0,5.0,5.0,otns_model_derived_at_ping,model_derived,1.0,-86.146,1,-86.146,1,655.0,False,True,MutualInterference,minimal_end_device,med,enabled,True,packet_probe,"{""RxFailed"": ""0"", ""RxSuccess"": ""232"", ""TxFailed"": ""7"", ""TxSuccess"": ""188""}","{""Attach Attempts"": ""2"", ""Better Parent Attach Attempts"": ""2"", ""Better Partition Attach Attempts"": ""0"", ""Parent Changes"": ""1"", ""Partition Id Changes"": ""1"", ""Role Child"": ""2"", ""Role Detached"": ""2"", ""Role Disabled"": ""0"", ""Role Leader"": ""0"", ""Role Router"": ""0"", ""Time Child Milli"": ""643372"", ""Time Detached Milli"": ""11628"", ""Time Disabled Milli"": ""0"", ""Time Leader Milli"": ""0"", ""Time Router Milli"": ""0"", ""Time Tracked Milli"": ""655000""}",,,,,,
175,656.0,1500.0,360.0,child,8001,f262a9a43b2cc780,8000,router_c,3,3,0,5,router_c,9002,f262a9a43b2cc780,0.0,0.0,0.0,0.0,1,1,0.0,6.0,6.0,6.0,otns_model_derived_at_ping,model_derived,1.0,-86.146,1,-86.146,1,656.0,False,True,MutualInterference,minimal_end_device,med,enabled,True,packet_probe,"{""RxFailed"": ""0"", ""RxSuccess"": ""234"", ""TxFailed"": ""7"", ""TxSuccess"": ""189""}","{""Attach Attempts"": ""2"", ""Better Parent Attach Attempts"": ""2"", ""Better Partition Attach Attempts"": ""0"", ""Parent Changes"": ""1"", ""Partition Id Changes"": ""1"", ""Role Child"": ""2"", ""Role Detached"": ""2"", ""Role Disabled"": ""0"", ""Role Leader"": ""0"", ""Role Router"": ""0"", ""Time Child Milli"": ""644372"", ""Time Detached Milli"": ""11628"", ""Time Disabled Milli"": ""0"", ""Time Leader Milli"": ""0"", ""Time Router Milli"": ""0"", ""Time Tracked Milli"": ""656000""}",,,,,,
176,657.0,1500.0,360.0,child,8001,f262a9a43b2cc780,8000,router_c,3,3,1,5,router_c,9002,f262a9a43b2cc780,0.0,0.0,0.0,0.0,1,1,0.0,6.0,6.0,6.0,otns_model_derived_at_ping,model_derived,1.0,-86.146,1,-86.146,1,657.0,False,True,MutualInterference,minimal_end_device,med,enabled,True,packet_probe,"{""RxFailed"": ""0"", ""RxSuccess"": ""235"", ""TxFailed"": ""7"", ""TxSuccess"": ""190""}","{""Attach Attempts"": ""2"", ""Better Parent Attach Attempts"": ""2"", ""Better Partition Attach Attempts"": ""0"", ""Parent Changes"": ""1"", ""Partition Id Changes"": ""1"", ""Role Child"": ""2"", ""Role Detached"": ""2"", ""Role Disabled"": ""0"", ""Role Leader"": ""0"", ""Role Router"": ""0"", ""Time Child Milli"": ""645372"", ""Time Detached Milli"": ""11628"", ""Time Disabled Milli"": ""0"", ""Time Leader Milli"": ""0"", ""Time Router Milli"": ""0"", ""Time Tracked Milli"": ""657000""}",,,,,,
177,658.0,1500.0,360.0,child,8001,f262a9a43b2cc780,8000,router_c,3,3,2,5,router_c,9002,f262a9a43b2cc780,0.0,0.0,0.0,0.0,1,1,0.0,7.0,7.0,7.0,otns_model_derived_at_ping,model_derived,1.0,-86.146,1,-86.146,1,658.0,False,True,MutualInterference,minimal_end_device,med,enabled,True,packet_probe,"{""RxFailed"": ""0"", ""RxSuccess"": ""236"", ""TxFailed"": ""7"", ""TxSuccess"": ""191""}","{""Attach Attempts"": ""2"", ""Better Parent Attach Attempts"": ""2"", ""Better Partition Attach Attempts"": ""0"", ""Parent Changes"": ""1"", ""Partition Id Changes"": ""1"", ""Role Child"": ""2"", ""Role Detached"": ""2"", ""Role Disabled"": ""0"", ""Role Leader"": ""0"", ""Role Router"": ""0"", ""Time Child Milli"": ""646372"", ""Time Detached Milli"": ""11628"", ""Time Disabled Milli"": ""0"", ""Time Leader Milli"": ""0"", ""Time Router Milli"": ""0"", ""Time Tracked Milli"": ""658000""}",,,,,,
178,659.0,1500.0,360.0,child,8001,f262a9a43b2cc780,8000,router_c,3,3,3,5,router_c,9002,f262a9a43b2cc780,0.0,0.0,0.0,0.0,1,1,0.0,7.0,7.0,7.0,otns_model_derived_at_ping,model_derived,1.0,-86.146,1,-86.146,1,659.0,False,True,MutualInterference,minimal_end_device,med,enabled,True,packet_probe,"{""RxFailed"": ""0"", ""RxSuccess"": ""237"", ""TxFailed"": ""7"", ""TxSuccess"": ""192""}","{""Attach Attempts"": ""2"", ""Better Parent Attach Attempts"": ""2"", ""Better Partition Attach Attempts"": ""0"", ""Parent Changes"": ""1"", ""Partition Id Changes"": ""1"", ""Role Child"": ""2"", ""Role Detached"": ""2"", ""Role Disabled"": ""0"", ""Role Leader"": ""0"", ""Role Router"": ""0"", ""Time Child Milli"": ""647372"", ""Time Detached Milli"": ""11628"", ""Time Disabled Milli"": ""0"", ""Time Leader Milli"": ""0"", ""Time Router Milli"": ""0"", ""Time Tracked Milli"": ""659000""}",,,,,,
179,660.0,1500.0,360.0,child,8001,f262a9a43b2cc780,8000,router_c,3,3,4,5,router_c,9002,f262a9a43b2cc780,0.0,0.0,0.0,0.0,1,1,0.0,6.0,6.0,6.0,otns_model_derived_at_ping,model_derived,1.0,-86.146,1,-86.146,1,660.0,False,True,MutualInterference,minimal_end_device,med,enabled,True,packet_probe,"{""RxFailed"": ""0"", ""RxSuccess"": ""238"", ""TxFailed"": ""7"", ""TxSuccess"": ""193""}","{""Attach Attempts"": ""2"", ""Better Parent Attach Attempts"": ""2"", ""Better Partition Attach Attempts"": ""0"", ""Parent Changes"": ""1"", ""Partition Id Changes"": ""1"", ""Role Child"": ""2"", ""Role Detached"": ""2"", ""Role Disabled"": ""0"", ""Role Leader"": ""0"", ""Role Router"": ""0"", ""Time Child Milli"": ""648372"", ""Time Detached Milli"": ""11628"", ""Time Disabled Milli"": ""0"", ""Time Leader Milli"": ""0"", ""Time Router Milli"": ""0"", ""Time Tracked Milli"": ""660000""}",,,,,,
180,661.0,1500.0,360.0,child,8001,f262a9a43b2cc780,8000,router_c,3,3,5,5,router_c,9002,f262a9a43b2cc780,0.0,0.0,0.0,0.0,1,1,0.0,7.0,7.0,7.0,otns_model_derived_at_ping,model_derived,1.0,-86.146,1,-86.146,1,661.0,False,True,MutualInterference,minimal_end_device,med,enabled,True,packet_probe,"{""RxFailed"": ""0"", ""RxSuccess"": ""239"", ""TxFailed"": ""7"", ""TxSuccess"": ""194""}","{""Attach Attempts"": ""2"", ""Better Parent Attach Attempts"": ""2"", ""Better Partition Attach Attempts"": ""0"", ""Parent Changes"": ""1"", ""Partition Id Changes"": ""1"", ""Role Child"": ""2"", ""Role Detached"": ""2"", ""Role Disabled"": ""0"", ""Role Leader"": ""0"", ""Role Router"": ""0"", ""Time Child Milli"": ""649372"", ""Time Detached Milli"": ""11628"", ""Time Disabled Milli"": ""0"", ""Time Leader Milli"": ""0"", ""Time Router Milli"": ""0"", ""Time Tracked Milli"": ""661000""}",,,,,,
181,662.0,1500.0,360.0,child,8001,f262a9a43b2cc780,8000,router_c,3,3,6,5,router_c,9002,f262a9a43b2cc780,0.0,0.0,0.0,0.0,1,1,0.0,9.0,9.0,9.0,otns_model_derived_at_ping,model_derived,1.0,-86.146,1,-86.146,1,662.0,False,True,MutualInterference,minimal_end_device,med,enabled,True,packet_probe,"{""RxFailed"": ""0"", ""RxSuccess"": ""240"", ""TxFailed"": ""7"", ""TxSuccess"": ""195""}","{""Attach Attempts"": ""2"", ""Better Parent Attach Attempts"": ""2"", ""Better Partition Attach Attempts"": ""0"", ""Parent Changes"": ""1"", ""Partition Id Changes"": ""1"", ""Role Child"": ""2"", ""Role Detached"": ""2"", ""Role Disabled"": ""0"", ""Role Leader"": ""0"", ""Role Router"": ""0"", ""Time Child Milli"": ""650372"", ""Time Detached Milli"": ""11628"", ""Time Disabled Milli"": ""0"", ""Time Leader Milli"": ""0"", ""Time Router Milli"": ""0"", ""Time Tracked Milli"": ""662000""}",,,,,,
182,663.0,1500.0,360.0,child,8001,f262a9a43b2cc780,8000,router_c,3,3,7,5,router_c,9002,f262a9a43b2cc780,0.0,0.0,0.0,0.0,1,1,0.0,4.0,4.0,4.0,otns_model_derived_at_ping,model_derived,1.0,-86.146,1,-86.146,1,663.0,False,True,MutualInterference,minimal_end_device,med,enabled,True,packet_probe,"{""RxFailed"": ""0"", ""RxSuccess"": ""241"", ""TxFailed"": ""7"", ""TxSuccess"": ""196""}","{""Attach Attempts"": ""2"", ""Better Parent Attach Attempts"": ""2"", ""Better Partition Attach Attempts"": ""0"", ""Parent Changes"": ""1"", ""Partition Id Changes"": ""1"", ""Role Child"": ""2"", ""Role Detached"": ""2"", ""Role Disabled"": ""0"", ""Role Leader"": ""0"", ""Role Router"": ""0"", ""Time Child Milli"": ""651372"", ""Time Detached Milli"": ""11628"", ""Time Disabled Milli"": ""0"", ""Time Leader Milli"": ""0"", ""Time Router Milli"": ""0"", ""Time Tracked Milli"": ""663000""}",,,,,,
183,664.0,1500.0,360.0,child,8001,f262a9a43b2cc780,8000,router_c,3,3,8,5,router_c,9002,f262a9a43b2cc780,0.0,0.0,0.0,0.0,1,1,0.0,7.0,7.0,7.0,otns_model_derived_at_ping,model_derived,1.0,-86.146,1,-86.146,1,664.0,False,True,MutualInterference,minimal_end_device,med,enabled,True,packet_probe,"{""RxFailed"": ""0"", ""RxSuccess"": ""242"", ""TxFailed"": ""7"", ""TxSuccess"": ""197""}","{""Attach Attempts"": ""2"", ""Better Parent Attach Attempts"": ""2"", ""Better Partition Attach Attempts"": ""0"", ""Parent Changes"": ""1"", ""Partition Id Changes"": ""1"", ""Role Child"": ""2"", ""Role Detached"": ""2"", ""Role Disabled"": ""0"", ""Role Leader"": ""0"", ""Role Router"": ""0"", ""Time Child Milli"": ""652372"", ""Time Detached Milli"": ""11628"", ""Time Disabled Milli"": ""0"", ""Time Leader Milli"": ""0"", ""Time Router Milli"": ""0"", ""Time Tracked Milli"": ""664000""}",,,,,,
184,665.0,1500.0,360.0,child,8001,f262a9a43b2cc780,8000,router_c,3,3,9,5,router_c,9002,f262a9a43b2cc780,0.0,0.0,0.0,0.0,1,1,0.0,6.0,6.0,6.0,otns_model_derived_at_ping,model_derived,1.0,-86.146,1,-86.146,1,665.0,False,True,MutualInterference,minimal_end_device,med,enabled,True,packet_probe,"{""RxFailed"": ""0"", ""RxSuccess"": ""243"", ""TxFailed"": ""7"", ""TxSuccess"": ""198""}","{""Attach Attempts"": ""2"", ""Better Parent Attach Attempts"": ""2"", ""Better Partition Attach Attempts"": ""0"", ""Parent Changes"": ""1"", ""Partition Id Changes"": ""1"", ""Role Child"": ""2"", ""Role Detached"": ""2"", ""Role Disabled"": ""0"", ""Role Leader"": ""0"", ""Role Router"": ""0"", ""Time Child Milli"": ""653372"", ""Time Detached Milli"": ""11628"", ""Time Disabled Milli"": ""0"", ""Time Leader Milli"": ""0"", ""Time Router Milli"": ""0"", ""Time Tracked Milli"": ""665000""}",,,,,,
185,666.0,1500.0,360.0,child,8001,f262a9a43b2cc780,8000,router_c,3,3,10,5,router_c,9002,f262a9a43b2cc780,0.0,0.0,0.0,0.0,1,1,0.0,6.0,6.0,6.0,otns_model_derived_at_ping,model_derived,1.0,-86.146,1,-86.146,1,666.0,False,True,MutualInterference,minimal_end_device,med,enabled,True,packet_probe,"{""RxFailed"": ""0"", ""RxSuccess"": ""244"", ""TxFailed"": ""7"", ""TxSuccess"": ""199""}","{""Attach Attempts"": ""2"", ""Better Parent Attach Attempts"": ""2"", ""Better Partition Attach Attempts"": ""0"", ""Parent Changes"": ""1"", ""Partition Id Changes"": ""1"", ""Role Child"": ""2"", ""Role Detached"": ""2"", ""Role Disabled"": ""0"", ""Role Leader"": ""0"", ""Role Router"": ""0"", ""Time Child Milli"": ""654372"", ""Time Detached Milli"": ""11628"", ""Time Disabled Milli"": ""0"", ""Time Leader Milli"": ""0"", ""Time Router Milli"": ""0"", ""Time Tracked Milli"": ""666000""}",,,,,,
186,667.0,1500.0,360.0,child,8001,f262a9a43b2cc780,8000,router_c,3,3,11,5,router_c,9002,f262a9a43b2cc780,0.0,0.0,0.0,0.0,1,1,0.0,5.0,5.0,5.0,otns_model_derived_at_ping,model_derived,1.0,-86.146,1,-86.146,1,667.0,False,True,MutualInterference,minimal_end_device,med,enabled,True,packet_probe,"{""RxFailed"": ""0"", ""RxSuccess"": ""245"", ""TxFailed"": ""7"", ""TxSuccess"": ""200""}","{""Attach Attempts"": ""2"", ""Better Parent Attach Attempts"": ""2"", ""Better Partition Attach Attempts"": ""0"", ""Parent Changes"": ""1"", ""Partition Id Changes"": ""1"", ""Role Child"": ""2"", ""Role Detached"": ""2"", ""Role Disabled"": ""0"", ""Role Leader"": ""0"", ""Role Router"": ""0"", ""Time Child Milli"": ""655372"", ""Time Detached Milli"": ""11628"", ""Time Disabled Milli"": ""0"", ""Time Leader Milli"": ""0"", ""Time Router Milli"": ""0"", ""Time Tracked Milli"": ""667000""}",,,,,,
187,668.0,1500.0,360.0,child,8001,f262a9a43b2cc780,8000,router_c,3,3,0,5,router_c,9002,f262a9a43b2cc780,0.0,0.0,0.0,0.0,1,1,0.0,6.0,6.0,6.0,otns_model_derived_at_ping,model_derived,1.0,-86.146,1,-86.146,1,668.0,False,True,MutualInterference,minimal_end_device,med,enabled,True,packet_probe,"{""RxFailed"": ""0"", ""RxSuccess"": ""247"", ""TxFailed"": ""7"", ""TxSuccess"": ""201""}","{""Attach Attempts"": ""2"", ""Better Parent Attach Attempts"": ""2"", ""Better Partition Attach Attempts"": ""0"", ""Parent Changes"": ""1"", ""Partition Id Changes"": ""1"", ""Role Child"": ""2"", ""Role Detached"": ""2"", ""Role Disabled"": ""0"", ""Role Leader"": ""0"", ""Role Router"": ""0"", ""Time Child Milli"": ""656372"", ""Time Detached Milli"": ""11628"", ""Time Disabled Milli"": ""0"", ""Time Leader Milli"": ""0"", ""Time Router Milli"": ""0"", ""Time Tracked Milli"": ""668000""}",,,,,,
188,669.0,1500.0,360.0,child,8001,f262a9a43b2cc780,8000,router_c,3,3,1,5,router_c,9002,f262a9a43b2cc780,0.0,0.0,0.0,0.0,1,1,0.0,7.0,7.0,7.0,otns_model_derived_at_ping,model_derived,1.0,-86.146,1,-86.146,1,669.0,False,True,MutualInterference,minimal_end_device,med,enabled,True,packet_probe,"{""RxFailed"": ""0"", ""RxSuccess"": ""248"", ""TxFailed"": ""7"", ""TxSuccess"": ""202""}","{""Attach Attempts"": ""2"", ""Better Parent Attach Attempts"": ""2"", ""Better Partition Attach Attempts"": ""0"", ""Parent Changes"": ""1"", ""Partition Id Changes"": ""1"", ""Role Child"": ""2"", ""Role Detached"": ""2"", ""Role Disabled"": ""0"", ""Role Leader"": ""0"", ""Role Router"": ""0"", ""Time Child Milli"": ""657372"", ""Time Detached Milli"": ""11628"", ""Time Disabled Milli"": ""0"", ""Time Leader Milli"": ""0"", ""Time Router Milli"": ""0"", ""Time Tracked Milli"": ""669000""}",,,,,,
189,670.0,1500.0,360.0,child,8001,f262a9a43b2cc780,8000,router_c,3,3,2,5,router_c,9002,f262a9a43b2cc780,0.0,0.0,0.0,0.0,1,1,0.0,7.0,7.0,7.0,otns_model_derived_at_ping,model_derived,1.0,-86.146,1,-86.146,1,670.0,False,True,MutualInterference,minimal_end_device,med,enabled,True,packet_probe,"{""RxFailed"": ""0"", ""RxSuccess"": ""249"", ""TxFailed"": ""7"", ""TxSuccess"": ""203""}","{""Attach Attempts"": ""2"", ""Better Parent Attach Attempts"": ""2"", ""Better Partition Attach Attempts"": ""0"", ""Parent Changes"": ""1"", ""Partition Id Changes"": ""1"", ""Role Child"": ""2"", ""Role Detached"": ""2"", ""Role Disabled"": ""0"", ""Role Leader"": ""0"", ""Role Router"": ""0"", ""Time Child Milli"": ""658372"", ""Time Detached Milli"": ""11628"", ""Time Disabled Milli"": ""0"", ""Time Leader Milli"": ""0"", ""Time Router Milli"": ""0"", ""Time Tracked Milli"": ""670000""}",,,,,,
190,671.0,1500.0,360.0,child,8001,f262a9a43b2cc780,8000,router_c,3,3,3,5,router_c,9002,f262a9a43b2cc780,0.0,0.0,0.0,0.0,1,1,0.0,6.0,6.0,6.0,otns_model_derived_at_ping,model_derived,1.0,-86.146,1,-86.146,1,671.0,False,True,MutualInterference,minimal_end_device,med,enabled,True,packet_probe,"{""RxFailed"": ""0"", ""RxSuccess"": ""250"", ""TxFailed"": ""7"", ""TxSuccess"": ""204""}","{""Attach Attempts"": ""2"", ""Better Parent Attach Attempts"": ""2"", ""Better Partition Attach Attempts"": ""0"", ""Parent Changes"": ""1"", ""Partition Id Changes"": ""1"", ""Role Child"": ""2"", ""Role Detached"": ""2"", ""Role Disabled"": ""0"", ""Role Leader"": ""0"", ""Role Router"": ""0"", ""Time Child Milli"": ""659372"", ""Time Detached Milli"": ""11628"", ""Time Disabled Milli"": ""0"", ""Time Leader Milli"": ""0"", ""Time Router Milli"": ""0"", ""Time Tracked Milli"": ""671000""}",,,,,,
191,672.0,1500.0,360.0,child,8001,f262a9a43b2cc780,8000,router_c,3,3,4,5,router_c,9002,f262a9a43b2cc780,0.0,0.0,0.0,0.0,1,1,0.0,6.0,6.0,6.0,otns_model_derived_at_ping,model_derived,1.0,-86.146,1,-86.146,1,672.0,False,True,MutualInterference,minimal_end_device,med,enabled,True,packet_probe,"{""RxFailed"": ""0"", ""RxSuccess"": ""251"", ""TxFailed"": ""7"", ""TxSuccess"": ""205""}","{""Attach Attempts"": ""2"", ""Better Parent Attach Attempts"": ""2"", ""Better Partition Attach Attempts"": ""0"", ""Parent Changes"": ""1"", ""Partition Id Changes"": ""1"", ""Role Child"": ""2"", ""Role Detached"": ""2"", ""Role Disabled"": ""0"", ""Role Leader"": ""0"", ""Role Router"": ""0"", ""Time Child Milli"": ""660372"", ""Time Detached Milli"": ""11628"", ""Time Disabled Milli"": ""0"", ""Time Leader Milli"": ""0"", ""Time Router Milli"": ""0"", ""Time Tracked Milli"": ""672000""}",,,,,,
192,673.0,1500.0,360.0,child,8001,f262a9a43b2cc780,8000,router_c,3,3,5,5,router_c,9002,f262a9a43b2cc780,0.0,0.0,0.0,0.0,1,1,0.0,4.0,4.0,4.0,otns_model_derived_at_ping,model_derived,1.0,-86.146,1,-86.146,1,673.0,False,True,MutualInterference,minimal_end_device,med,enabled,True,packet_probe,"{""RxFailed"": ""0"", ""RxSuccess"": ""252"", ""TxFailed"": ""7"", ""TxSuccess"": ""206""}","{""Attach Attempts"": ""2"", ""Better Parent Attach Attempts"": ""2"", ""Better Partition Attach Attempts"": ""0"", ""Parent Changes"": ""1"", ""Partition Id Changes"": ""1"", ""Role Child"": ""2"", ""Role Detached"": ""2"", ""Role Disabled"": ""0"", ""Role Leader"": ""0"", ""Role Router"": ""0"", ""Time Child Milli"": ""661372"", ""Time Detached Milli"": ""11628"", ""Time Disabled Milli"": ""0"", ""Time Leader Milli"": ""0"", ""Time Router Milli"": ""0"", ""Time Tracked Milli"": ""673000""}",,,,,,
193,674.0,1500.0,360.0,child,8001,f262a9a43b2cc780,8000,router_c,3,3,6,5,router_c,9002,f262a9a43b2cc780,0.0,0.0,0.0,0.0,1,1,0.0,7.0,7.0,7.0,otns_model_derived_at_ping,model_derived,1.0,-86.146,1,-86.146,1,674.0,False,True,MutualInterference,minimal_end_device,med,enabled,True,packet_probe,"{""RxFailed"": ""0"", ""RxSuccess"": ""253"", ""TxFailed"": ""7"", ""TxSuccess"": ""207""}","{""Attach Attempts"": ""2"", ""Better Parent Attach Attempts"": ""2"", ""Better Partition Attach Attempts"": ""0"", ""Parent Changes"": ""1"", ""Partition Id Changes"": ""1"", ""Role Child"": ""2"", ""Role Detached"": ""2"", ""Role Disabled"": ""0"", ""Role Leader"": ""0"", ""Role Router"": ""0"", ""Time Child Milli"": ""662372"", ""Time Detached Milli"": ""11628"", ""Time Disabled Milli"": ""0"", ""Time Leader Milli"": ""0"", ""Time Router Milli"": ""0"", ""Time Tracked Milli"": ""674000""}",,,,,,
194,675.0,1500.0,360.0,child,8001,f262a9a43b2cc780,8000,router_c,3,3,7,5,router_c,9002,f262a9a43b2cc780,0.0,0.0,0.0,0.0,1,1,0.0,6.0,6.0,6.0,otns_model_derived_at_ping,model_derived,1.0,-86.146,1,-86.146,1,675.0,False,True,MutualInterference,minimal_end_device,med,enabled,True,packet_probe,"{""RxFailed"": ""0"", ""RxSuccess"": ""254"", ""TxFailed"": ""7"", ""TxSuccess"": ""208""}","{""Attach Attempts"": ""2"", ""Better Parent Attach Attempts"": ""2"", ""Better Partition Attach Attempts"": ""0"", ""Parent Changes"": ""1"", ""Partition Id Changes"": ""1"", ""Role Child"": ""2"", ""Role Detached"": ""2"", ""Role Disabled"": ""0"", ""Role Leader"": ""0"", ""Role Router"": ""0"", ""Time Child Milli"": ""663372"", ""Time Detached Milli"": ""11628"", ""Time Disabled Milli"": ""0"", ""Time Leader Milli"": ""0"", ""Time Router Milli"": ""0"", ""Time Tracked Milli"": ""675000""}",,,,,,
195,676.0,1500.0,360.0,child,8001,f262a9a43b2cc780,8000,router_c,3,3,8,5,router_c,9002,f262a9a43b2cc780,0.0,0.0,0.0,0.0,1,1,0.0,7.0,7.0,7.0,otns_model_derived_at_ping,model_derived,1.0,-86.146,1,-86.146,1,676.0,False,True,MutualInterference,minimal_end_device,med,enabled,True,packet_probe,"{""RxFailed"": ""0"", ""RxSuccess"": ""255"", ""TxFailed"": ""7"", ""TxSuccess"": ""209""}","{""Attach Attempts"": ""2"", ""Better Parent Attach Attempts"": ""2"", ""Better Partition Attach Attempts"": ""0"", ""Parent Changes"": ""1"", ""Partition Id Changes"": ""1"", ""Role Child"": ""2"", ""Role Detached"": ""2"", ""Role Disabled"": ""0"", ""Role Leader"": ""0"", ""Role Router"": ""0"", ""Time Child Milli"": ""664372"", ""Time Detached Milli"": ""11628"", ""Time Disabled Milli"": ""0"", ""Time Leader Milli"": ""0"", ""Time Router Milli"": ""0"", ""Time Tracked Milli"": ""676000""}",,,,,,
196,677.0,1500.0,360.0,child,8001,f262a9a43b2cc780,8000,router_c,3,3,0,5,router_c,9002,f262a9a43b2cc780,0.0,0.0,0.0,0.0,1,1,0.0,6.0,6.0,6.0,otns_model_derived_at_ping,model_derived,1.0,-86.146,1,-86.146,1,677.0,False,True,MutualInterference,minimal_end_device,med,enabled,True,packet_probe,"{""RxFailed"": ""0"", ""RxSuccess"": ""257"", ""TxFailed"": ""7"", ""TxSuccess"": ""210""}","{""Attach Attempts"": ""2"", ""Better Parent Attach Attempts"": ""2"", ""Better Partition Attach Attempts"": ""0"", ""Parent Changes"": ""1"", ""Partition Id Changes"": ""1"", ""Role Child"": ""2"", ""Role Detached"": ""2"", ""Role Disabled"": ""0"", ""Role Leader"": ""0"", ""Role Router"": ""0"", ""Time Child Milli"": ""665372"", ""Time Detached Milli"": ""11628"", ""Time Disabled Milli"": ""0"", ""Time Leader Milli"": ""0"", ""Time Router Milli"": ""0"", ""Time Tracked Milli"": ""677000""}",,,,,,
197,678.0,1500.0,360.0,child,8001,f262a9a43b2cc780,8000,router_c,3,3,1,5,router_c,9002,f262a9a43b2cc780,0.0,0.0,0.0,0.0,1,1,0.0,5.0,5.0,5.0,otns_model_derived_at_ping,model_derived,1.0,-86.146,1,-86.146,1,678.0,False,True,MutualInterference,minimal_end_device,med,enabled,True,packet_probe,"{""RxFailed"": ""0"", ""RxSuccess"": ""258"", ""TxFailed"": ""7"", ""TxSuccess"": ""211""}","{""Attach Attempts"": ""2"", ""Better Parent Attach Attempts"": ""2"", ""Better Partition Attach Attempts"": ""0"", ""Parent Changes"": ""1"", ""Partition Id Changes"": ""1"", ""Role Child"": ""2"", ""Role Detached"": ""2"", ""Role Disabled"": ""0"", ""Role Leader"": ""0"", ""Role Router"": ""0"", ""Time Child Milli"": ""666372"", ""Time Detached Milli"": ""11628"", ""Time Disabled Milli"": ""0"", ""Time Leader Milli"": ""0"", ""Time Router Milli"": ""0"", ""Time Tracked Milli"": ""678000""}",,,,,,
198,679.0,1500.0,360.0,child,8001,f262a9a43b2cc780,8000,router_c,3,3,2,5,router_c,9002,f262a9a43b2cc780,0.0,0.0,0.0,0.0,1,1,0.0,7.0,7.0,7.0,otns_model_derived_at_ping,model_derived,1.0,-86.146,1,-86.146,1,679.0,False,True,MutualInterference,minimal_end_device,med,enabled,True,packet_probe,"{""RxFailed"": ""0"", ""RxSuccess"": ""259"", ""TxFailed"": ""7"", ""TxSuccess"": ""212""}","{""Attach Attempts"": ""2"", ""Better Parent Attach Attempts"": ""2"", ""Better Partition Attach Attempts"": ""0"", ""Parent Changes"": ""1"", ""Partition Id Changes"": ""1"", ""Role Child"": ""2"", ""Role Detached"": ""2"", ""Role Disabled"": ""0"", ""Role Leader"": ""0"", ""Role Router"": ""0"", ""Time Child Milli"": ""667372"", ""Time Detached Milli"": ""11628"", ""Time Disabled Milli"": ""0"", ""Time Leader Milli"": ""0"", ""Time Router Milli"": ""0"", ""Time Tracked Milli"": ""679000""}",,,,,,
199,680.0,1500.0,360.0,child,8001,f262a9a43b2cc780,8000,router_c,3,3,3,5,router_c,9002,f262a9a43b2cc780,0.0,0.0,0.0,0.0,1,1,0.0,7.0,7.0,7.0,otns_model_derived_at_ping,model_derived,1.0,-86.146,1,-86.146,1,680.0,False,True,MutualInterference,minimal_end_device,med,enabled,True,packet_probe,"{""RxFailed"": ""0"", ""RxSuccess"": ""260"", ""TxFailed"": ""7"", ""TxSuccess"": ""213""}","{""Attach Attempts"": ""2"", ""Better Parent Attach Attempts"": ""2"", ""Better Partition Attach Attempts"": ""0"", ""Parent Changes"": ""1"", ""Partition Id Changes"": ""1"", ""Role Child"": ""2"", ""Role Detached"": ""2"", ""Role Disabled"": ""0"", ""Role Leader"": ""0"", ""Role Router"": ""0"", ""Time Child Milli"": ""668372"", ""Time Detached Milli"": ""11628"", ""Time Disabled Milli"": ""0"", ""Time Leader Milli"": ""0"", ""Time Router Milli"": ""0"", ""Time Tracked Milli"": ""680000""}",,,,,,
200,681.0,1500.0,360.0,child,8001,f262a9a43b2cc780,8000,router_c,3,3,4,5,router_c,9002,f262a9a43b2cc780,0.0,0.0,0.0,0.0,1,1,0.0,8.0,8.0,8.0,otns_model_derived_at_ping,model_derived,1.0,-86.146,1,-86.146,1,681.0,False,True,MutualInterference,minimal_end_device,med,enabled,True,packet_probe,"{""RxFailed"": ""0"", ""RxSuccess"": ""261"", ""TxFailed"": ""7"", ""TxSuccess"": ""214""}","{""Attach Attempts"": ""2"", ""Better Parent Attach Attempts"": ""2"", ""Better Partition Attach Attempts"": ""0"", ""Parent Changes"": ""1"", ""Partition Id Changes"": ""1"", ""Role Child"": ""2"", ""Role Detached"": ""2"", ""Role Disabled"": ""0"", ""Role Leader"": ""0"", ""Role Router"": ""0"", ""Time Child Milli"": ""669372"", ""Time Detached Milli"": ""11628"", ""Time Disabled Milli"": ""0"", ""Time Leader Milli"": ""0"", ""Time Router Milli"": ""0"", ""Time Tracked Milli"": ""681000""}",,,,,,
201,682.0,1500.0,360.0,child,8001,f262a9a43b2cc780,8000,router_c,3,3,5,5,router_c,9002,f262a9a43b2cc780,0.0,0.0,0.0,0.0,1,1,0.0,8.0,8.0,8.0,otns_model_derived_at_ping,model_derived,1.0,-86.146,1,-86.146,1,682.0,False,True,MutualInterference,minimal_end_device,med,enabled,True,packet_probe,"{""RxFailed"": ""0"", ""RxSuccess"": ""262"", ""TxFailed"": ""7"", ""TxSuccess"": ""215""}","{""Attach Attempts"": ""2"", ""Better Parent Attach Attempts"": ""2"", ""Better Partition Attach Attempts"": ""0"", ""Parent Changes"": ""1"", ""Partition Id Changes"": ""1"", ""Role Child"": ""2"", ""Role Detached"": ""2"", ""Role Disabled"": ""0"", ""Role Leader"": ""0"", ""Role Router"": ""0"", ""Time Child Milli"": ""670372"", ""Time Detached Milli"": ""11628"", ""Time Disabled Milli"": ""0"", ""Time Leader Milli"": ""0"", ""Time Router Milli"": ""0"", ""Time Tracked Milli"": ""682000""}",,,,,,
202,683.0,1500.0,360.0,child,8001,f262a9a43b2cc780,8000,router_c,3,3,6,5,router_c,9002,f262a9a43b2cc780,0.0,0.0,0.0,0.0,1,1,0.0,8.0,8.0,8.0,otns_model_derived_at_ping,model_derived,1.0,-86.146,1,-86.146,1,683.0,False,True,MutualInterference,minimal_end_device,med,enabled,True,packet_probe,"{""RxFailed"": ""0"", ""RxSuccess"": ""263"", ""TxFailed"": ""7"", ""TxSuccess"": ""216""}","{""Attach Attempts"": ""2"", ""Better Parent Attach Attempts"": ""2"", ""Better Partition Attach Attempts"": ""0"", ""Parent Changes"": ""1"", ""Partition Id Changes"": ""1"", ""Role Child"": ""2"", ""Role Detached"": ""2"", ""Role Disabled"": ""0"", ""Role Leader"": ""0"", ""Role Router"": ""0"", ""Time Child Milli"": ""671372"", ""Time Detached Milli"": ""11628"", ""Time Disabled Milli"": ""0"", ""Time Leader Milli"": ""0"", ""Time Router Milli"": ""0"", ""Time Tracked Milli"": ""683000""}",,,,,,
203,684.0,1500.0,360.0,child,8001,f262a9a43b2cc780,8000,router_c,3,3,7,5,router_c,9002,f262a9a43b2cc780,0.0,0.0,0.0,0.0,1,1,0.0,8.0,8.0,8.0,otns_model_derived_at_ping,model_derived,1.0,-86.146,1,-86.146,1,684.0,False,True,MutualInterference,minimal_end_device,med,enabled,True,packet_probe,"{""RxFailed"": ""0"", ""RxSuccess"": ""264"", ""TxFailed"": ""7"", ""TxSuccess"": ""217""}","{""Attach Attempts"": ""2"", ""Better Parent Attach Attempts"": ""2"", ""Better Partition Attach Attempts"": ""0"", ""Parent Changes"": ""1"", ""Partition Id Changes"": ""1"", ""Role Child"": ""2"", ""Role Detached"": ""2"", ""Role Disabled"": ""0"", ""Role Leader"": ""0"", ""Role Router"": ""0"", ""Time Child Milli"": ""672372"", ""Time Detached Milli"": ""11628"", ""Time Disabled Milli"": ""0"", ""Time Leader Milli"": ""0"", ""Time Router Milli"": ""0"", ""Time Tracked Milli"": ""684000""}",,,,,,
204,685.0,1500.0,360.0,child,8001,f262a9a43b2cc780,8000,router_c,3,3,8,5,router_c,9002,f262a9a43b2cc780,0.0,0.0,0.0,0.0,1,1,0.0,6.0,6.0,6.0,otns_model_derived_at_ping,model_derived,1.0,-86.146,1,-86.146,1,685.0,False,True,MutualInterference,minimal_end_device,med,enabled,True,packet_probe,"{""RxFailed"": ""0"", ""RxSuccess"": ""265"", ""TxFailed"": ""7"", ""TxSuccess"": ""218""}","{""Attach Attempts"": ""2"", ""Better Parent Attach Attempts"": ""2"", ""Better Partition Attach Attempts"": ""0"", ""Parent Changes"": ""1"", ""Partition Id Changes"": ""1"", ""Role Child"": ""2"", ""Role Detached"": ""2"", ""Role Disabled"": ""0"", ""Role Leader"": ""0"", ""Role Router"": ""0"", ""Time Child Milli"": ""673372"", ""Time Detached Milli"": ""11628"", ""Time Disabled Milli"": ""0"", ""Time Leader Milli"": ""0"", ""Time Router Milli"": ""0"", ""Time Tracked Milli"": ""685000""}",,,,,,
205,686.0,1500.0,360.0,child,8001,f262a9a43b2cc780,8000,router_c,3,3,9,5,router_c,9002,f262a9a43b2cc780,0.0,0.0,0.0,0.0,1,1,0.0,10.0,10.0,10.0,otns_model_derived_at_ping,model_derived,1.0,-86.146,1,-86.146,1,686.0,False,True,MutualInterference,minimal_end_device,med,enabled,True,packet_probe,"{""RxFailed"": ""0"", ""RxSuccess"": ""266"", ""TxFailed"": ""7"", ""TxSuccess"": ""219""}","{""Attach Attempts"": ""2"", ""Better Parent Attach Attempts"": ""2"", ""Better Partition Attach Attempts"": ""0"", ""Parent Changes"": ""1"", ""Partition Id Changes"": ""1"", ""Role Child"": ""2"", ""Role Detached"": ""2"", ""Role Disabled"": ""0"", ""Role Leader"": ""0"", ""Role Router"": ""0"", ""Time Child Milli"": ""674372"", ""Time Detached Milli"": ""11628"", ""Time Disabled Milli"": ""0"", ""Time Leader Milli"": ""0"", ""Time Router Milli"": ""0"", ""Time Tracked Milli"": ""686000""}",,,,,,
206,687.0,1500.0,360.0,child,8001,f262a9a43b2cc780,8000,router_c,3,3,10,5,router_c,9002,f262a9a43b2cc780,0.0,0.0,0.0,0.0,1,1,0.0,9.0,9.0,9.0,otns_model_derived_at_ping,model_derived,1.0,-86.146,1,-86.146,1,687.0,False,True,MutualInterference,minimal_end_device,med,enabled,True,packet_probe,"{""RxFailed"": ""0"", ""RxSuccess"": ""267"", ""TxFailed"": ""7"", ""TxSuccess"": ""220""}","{""Attach Attempts"": ""2"", ""Better Parent Attach Attempts"": ""2"", ""Better Partition Attach Attempts"": ""0"", ""Parent Changes"": ""1"", ""Partition Id Changes"": ""1"", ""Role Child"": ""2"", ""Role Detached"": ""2"", ""Role Disabled"": ""0"", ""Role Leader"": ""0"", ""Role Router"": ""0"", ""Time Child Milli"": ""675372"", ""Time Detached Milli"": ""11628"", ""Time Disabled Milli"": ""0"", ""Time Leader Milli"": ""0"", ""Time Router Milli"": ""0"", ""Time Tracked Milli"": ""687000""}",,,,,,
207,688.0,1500.0,360.0,child,8001,f262a9a43b2cc780,8000,router_c,3,3,11,5,router_c,9002,f262a9a43b2cc780,0.0,0.0,0.0,0.0,1,1,0.0,7.0,7.0,7.0,otns_model_derived_at_ping,model_derived,1.0,-86.146,1,-86.146,1,688.0,False,True,MutualInterference,minimal_end_device,med,enabled,True,packet_probe,"{""RxFailed"": ""0"", ""RxSuccess"": ""268"", ""TxFailed"": ""7"", ""TxSuccess"": ""221""}","{""Attach Attempts"": ""2"", ""Better Parent Attach Attempts"": ""2"", ""Better Partition Attach Attempts"": ""0"", ""Parent Changes"": ""1"", ""Partition Id Changes"": ""1"", ""Role Child"": ""2"", ""Role Detached"": ""2"", ""Role Disabled"": ""0"", ""Role Leader"": ""0"", ""Role Router"": ""0"", ""Time Child Milli"": ""676372"", ""Time Detached Milli"": ""11628"", ""Time Disabled Milli"": ""0"", ""Time Leader Milli"": ""0"", ""Time Router Milli"": ""0"", ""Time Tracked Milli"": ""688000""}",,,,,,
208,689.0,1500.0,360.0,child,8001,f262a9a43b2cc780,8000,router_c,3,3,12,5,router_c,9002,f262a9a43b2cc780,0.0,0.0,0.0,0.0,1,1,0.0,7.0,7.0,7.0,otns_model_derived_at_ping,model_derived,1.0,-86.146,1,-86.146,1,689.0,False,True,MutualInterference,minimal_end_device,med,enabled,True,packet_probe,"{""RxFailed"": ""0"", ""RxSuccess"": ""269"", ""TxFailed"": ""7"", ""TxSuccess"": ""222""}","{""Attach Attempts"": ""2"", ""Better Parent Attach Attempts"": ""2"", ""Better Partition Attach Attempts"": ""0"", ""Parent Changes"": ""1"", ""Partition Id Changes"": ""1"", ""Role Child"": ""2"", ""Role Detached"": ""2"", ""Role Disabled"": ""0"", ""Role Leader"": ""0"", ""Role Router"": ""0"", ""Time Child Milli"": ""677372"", ""Time Detached Milli"": ""11628"", ""Time Disabled Milli"": ""0"", ""Time Leader Milli"": ""0"", ""Time Router Milli"": ""0"", ""Time Tracked Milli"": ""689000""}",,,,,,
209,690.0,1500.0,360.0,child,8001,f262a9a43b2cc780,8000,router_c,3,3,13,5,router_c,9002,f262a9a43b2cc780,0.0,0.0,0.0,0.0,1,1,0.0,6.0,6.0,6.0,otns_model_derived_at_ping,model_derived,1.0,-86.146,1,-86.146,1,690.0,False,True,MutualInterference,minimal_end_device,med,enabled,True,packet_probe,"{""RxFailed"": ""0"", ""RxSuccess"": ""270"", ""TxFailed"": ""7"", ""TxSuccess"": ""223""}","{""Attach Attempts"": ""2"", ""Better Parent Attach Attempts"": ""2"", ""Better Partition Attach Attempts"": ""0"", ""Parent Changes"": ""1"", ""Partition Id Changes"": ""1"", ""Role Child"": ""2"", ""Role Detached"": ""2"", ""Role Disabled"": ""0"", ""Role Leader"": ""0"", ""Role Router"": ""0"", ""Time Child Milli"": ""678372"", ""Time Detached Milli"": ""11628"", ""Time Disabled Milli"": ""0"", ""Time Leader Milli"": ""0"", ""Time Router Milli"": ""0"", ""Time Tracked Milli"": ""690000""}",,,,,,
210,691.0,1500.0,360.0,child,8001,f262a9a43b2cc780,8000,router_c,3,3,0,5,router_c,9002,f262a9a43b2cc780,0.0,0.0,0.0,0.0,1,1,0.0,6.0,6.0,6.0,otns_model_derived_at_ping,model_derived,1.0,-86.146,1,-86.146,1,691.0,False,True,MutualInterference,minimal_end_device,med,enabled,True,packet_probe,"{""RxFailed"": ""0"", ""RxSuccess"": ""272"", ""TxFailed"": ""7"", ""TxSuccess"": ""224""}","{""Attach Attempts"": ""2"", ""Better Parent Attach Attempts"": ""2"", ""Better Partition Attach Attempts"": ""0"", ""Parent Changes"": ""1"", ""Partition Id Changes"": ""1"", ""Role Child"": ""2"", ""Role Detached"": ""2"", ""Role Disabled"": ""0"", ""Role Leader"": ""0"", ""Role Router"": ""0"", ""Time Child Milli"": ""679372"", ""Time Detached Milli"": ""11628"", ""Time Disabled Milli"": ""0"", ""Time Leader Milli"": ""0"", ""Time Router Milli"": ""0"", ""Time Tracked Milli"": ""691000""}",,,,,,
211,692.0,1500.0,360.0,child,8001,f262a9a43b2cc780,8000,router_c,3,3,1,5,router_c,9002,f262a9a43b2cc780,0.0,0.0,0.0,0.0,1,1,0.0,6.0,6.0,6.0,otns_model_derived_at_ping,model_derived,1.0,-86.146,1,-86.146,1,692.0,False,True,MutualInterference,minimal_end_device,med,enabled,True,packet_probe,"{""RxFailed"": ""0"", ""RxSuccess"": ""273"", ""TxFailed"": ""7"", ""TxSuccess"": ""225""}","{""Attach Attempts"": ""2"", ""Better Parent Attach Attempts"": ""2"", ""Better Partition Attach Attempts"": ""0"", ""Parent Changes"": ""1"", ""Partition Id Changes"": ""1"", ""Role Child"": ""2"", ""Role Detached"": ""2"", ""Role Disabled"": ""0"", ""Role Leader"": ""0"", ""Role Router"": ""0"", ""Time Child Milli"": ""680372"", ""Time Detached Milli"": ""11628"", ""Time Disabled Milli"": ""0"", ""Time Leader Milli"": ""0"", ""Time Router Milli"": ""0"", ""Time Tracked Milli"": ""692000""}",,,,,,
212,693.0,1500.0,360.0,child,8001,f262a9a43b2cc780,8000,router_c,3,3,2,5,router_c,9002,f262a9a43b2cc780,0.0,0.0,0.0,0.0,1,1,0.0,6.0,6.0,6.0,otns_model_derived_at_ping,model_derived,1.0,-86.146,1,-86.146,1,693.0,False,True,MutualInterference,minimal_end_device,med,enabled,True,packet_probe,"{""RxFailed"": ""0"", ""RxSuccess"": ""274"", ""TxFailed"": ""7"", ""TxSuccess"": ""226""}","{""Attach Attempts"": ""2"", ""Better Parent Attach Attempts"": ""2"", ""Better Partition Attach Attempts"": ""0"", ""Parent Changes"": ""1"", ""Partition Id Changes"": ""1"", ""Role Child"": ""2"", ""Role Detached"": ""2"", ""Role Disabled"": ""0"", ""Role Leader"": ""0"", ""Role Router"": ""0"", ""Time Child Milli"": ""681372"", ""Time Detached Milli"": ""11628"", ""Time Disabled Milli"": ""0"", ""Time Leader Milli"": ""0"", ""Time Router Milli"": ""0"", ""Time Tracked Milli"": ""693000""}",,,,,,
213,694.0,1500.0,360.0,child,8001,f262a9a43b2cc780,8000,router_c,3,3,3,5,router_c,9002,f262a9a43b2cc780,0.0,0.0,0.0,0.0,1,1,0.0,8.0,8.0,8.0,otns_model_derived_at_ping,model_derived,1.0,-86.146,1,-86.146,1,694.0,False,True,MutualInterference,minimal_end_device,med,enabled,True,packet_probe,"{""RxFailed"": ""0"", ""RxSuccess"": ""275"", ""TxFailed"": ""7"", ""TxSuccess"": ""227""}","{""Attach Attempts"": ""2"", ""Better Parent Attach Attempts"": ""2"", ""Better Partition Attach Attempts"": ""0"", ""Parent Changes"": ""1"", ""Partition Id Changes"": ""1"", ""Role Child"": ""2"", ""Role Detached"": ""2"", ""Role Disabled"": ""0"", ""Role Leader"": ""0"", ""Role Router"": ""0"", ""Time Child Milli"": ""682372"", ""Time Detached Milli"": ""11628"", ""Time Disabled Milli"": ""0"", ""Time Leader Milli"": ""0"", ""Time Router Milli"": ""0"", ""Time Tracked Milli"": ""694000""}",,,,,,
214,695.0,1500.0,360.0,child,8001,f262a9a43b2cc780,8000,router_c,3,3,4,5,router_c,9002,f262a9a43b2cc780,0.0,0.0,0.0,0.0,1,1,0.0,7.0,7.0,7.0,otns_model_derived_at_ping,model_derived,1.0,-86.146,1,-86.146,1,695.0,False,True,MutualInterference,minimal_end_device,med,enabled,True,packet_probe,"{""RxFailed"": ""0"", ""RxSuccess"": ""276"", ""TxFailed"": ""7"", ""TxSuccess"": ""228""}","{""Attach Attempts"": ""2"", ""Better Parent Attach Attempts"": ""2"", ""Better Partition Attach Attempts"": ""0"", ""Parent Changes"": ""1"", ""Partition Id Changes"": ""1"", ""Role Child"": ""2"", ""Role Detached"": ""2"", ""Role Disabled"": ""0"", ""Role Leader"": ""0"", ""Role Router"": ""0"", ""Time Child Milli"": ""683372"", ""Time Detached Milli"": ""11628"", ""Time Disabled Milli"": ""0"", ""Time Leader Milli"": ""0"", ""Time Router Milli"": ""0"", ""Time Tracked Milli"": ""695000""}",,,,,,
215,696.0,1500.0,360.0,child,8001,f262a9a43b2cc780,8000,router_c,3,3,5,5,router_c,9002,f262a9a43b2cc780,0.0,0.0,0.0,0.0,1,1,0.0,8.0,8.0,8.0,otns_model_derived_at_ping,model_derived,1.0,-86.146,1,-86.146,1,696.0,False,True,MutualInterference,minimal_end_device,med,enabled,True,packet_probe,"{""RxFailed"": ""0"", ""RxSuccess"": ""277"", ""TxFailed"": ""7"", ""TxSuccess"": ""229""}","{""Attach Attempts"": ""2"", ""Better Parent Attach Attempts"": ""2"", ""Better Partition Attach Attempts"": ""0"", ""Parent Changes"": ""1"", ""Partition Id Changes"": ""1"", ""Role Child"": ""2"", ""Role Detached"": ""2"", ""Role Disabled"": ""0"", ""Role Leader"": ""0"", ""Role Router"": ""0"", ""Time Child Milli"": ""684372"", ""Time Detached Milli"": ""11628"", ""Time Disabled Milli"": ""0"", ""Time Leader Milli"": ""0"", ""Time Router Milli"": ""0"", ""Time Tracked Milli"": ""696000""}",,,,,,
216,697.0,1500.0,360.0,child,8001,f262a9a43b2cc780,8000,router_c,3,3,6,5,router_c,9002,f262a9a43b2cc780,0.0,0.0,0.0,0.0,1,1,0.0,7.0,7.0,7.0,otns_model_derived_at_ping,model_derived,1.0,-86.146,1,-86.146,1,697.0,False,True,MutualInterference,minimal_end_device,med,enabled,True,packet_probe,"{""RxFailed"": ""0"", ""RxSuccess"": ""278"", ""TxFailed"": ""7"", ""TxSuccess"": ""230""}","{""Attach Attempts"": ""2"", ""Better Parent Attach Attempts"": ""2"", ""Better Partition Attach Attempts"": ""0"", ""Parent Changes"": ""1"", ""Partition Id Changes"": ""1"", ""Role Child"": ""2"", ""Role Detached"": ""2"", ""Role Disabled"": ""0"", ""Role Leader"": ""0"", ""Role Router"": ""0"", ""Time Child Milli"": ""685372"", ""Time Detached Milli"": ""11628"", ""Time Disabled Milli"": ""0"", ""Time Leader Milli"": ""0"", ""Time Router Milli"": ""0"", ""Time Tracked Milli"": ""697000""}",,,,,,
217,698.0,1500.0,360.0,child,8001,f262a9a43b2cc780,8000,router_c,3,3,7,5,router_c,9002,f262a9a43b2cc780,0.0,0.0,0.0,0.0,1,1,0.0,7.0,7.0,7.0,otns_model_derived_at_ping,model_derived,1.0,-86.146,1,-86.146,1,698.0,False,True,MutualInterference,minimal_end_device,med,enabled,True,packet_probe,"{""RxFailed"": ""0"", ""RxSuccess"": ""279"", ""TxFailed"": ""7"", ""TxSuccess"": ""231""}","{""Attach Attempts"": ""2"", ""Better Parent Attach Attempts"": ""2"", ""Better Partition Attach Attempts"": ""0"", ""Parent Changes"": ""1"", ""Partition Id Changes"": ""1"", ""Role Child"": ""2"", ""Role Detached"": ""2"", ""Role Disabled"": ""0"", ""Role Leader"": ""0"", ""Role Router"": ""0"", ""Time Child Milli"": ""686372"", ""Time Detached Milli"": ""11628"", ""Time Disabled Milli"": ""0"", ""Time Leader Milli"": ""0"", ""Time Router Milli"": ""0"", ""Time Tracked Milli"": ""698000""}",,,,,,
218,699.0,1500.0,360.0,child,8001,f262a9a43b2cc780,8000,router_c,3,3,8,5,router_c,9002,f262a9a43b2cc780,0.0,0.0,0.0,0.0,1,1,0.0,6.0,6.0,6.0,otns_model_derived_at_ping,model_derived,1.0,-86.146,1,-86.146,1,699.0,False,True,MutualInterference,minimal_end_device,med,enabled,True,packet_probe,"{""RxFailed"": ""0"", ""RxSuccess"": ""280"", ""TxFailed"": ""7"", ""TxSuccess"": ""232""}","{""Attach Attempts"": ""2"", ""Better Parent Attach Attempts"": ""2"", ""Better Partition Attach Attempts"": ""0"", ""Parent Changes"": ""1"", ""Partition Id Changes"": ""1"", ""Role Child"": ""2"", ""Role Detached"": ""2"", ""Role Disabled"": ""0"", ""Role Leader"": ""0"", ""Role Router"": ""0"", ""Time Child Milli"": ""687372"", ""Time Detached Milli"": ""11628"", ""Time Disabled Milli"": ""0"", ""Time Leader Milli"": ""0"", ""Time Router Milli"": ""0"", ""Time Tracked Milli"": ""699000""}",,,,,,
219,700.0,1500.0,360.0,child,8001,f262a9a43b2cc780,8000,router_c,3,3,9,5,router_c,9002,f262a9a43b2cc780,0.0,0.0,0.0,0.0,1,1,0.0,6.0,6.0,6.0,otns_model_derived_at_ping,model_derived,1.0,-86.146,1,-86.146,1,700.0,False,True,MutualInterference,minimal_end_device,med,enabled,True,packet_probe,"{""RxFailed"": ""0"", ""RxSuccess"": ""281"", ""TxFailed"": ""7"", ""TxSuccess"": ""233""}","{""Attach Attempts"": ""2"", ""Better Parent Attach Attempts"": ""2"", ""Better Partition Attach Attempts"": ""0"", ""Parent Changes"": ""1"", ""Partition Id Changes"": ""1"", ""Role Child"": ""2"", ""Role Detached"": ""2"", ""Role Disabled"": ""0"", ""Role Leader"": ""0"", ""Role Router"": ""0"", ""Time Child Milli"": ""688372"", ""Time Detached Milli"": ""11628"", ""Time Disabled Milli"": ""0"", ""Time Leader Milli"": ""0"", ""Time Router Milli"": ""0"", ""Time Tracked Milli"": ""700000""}",,,,,,
220,701.0,1500.0,360.0,child,8001,f262a9a43b2cc780,8000,router_c,3,3,0,5,router_c,9002,f262a9a43b2cc780,0.0,0.0,0.0,0.0,1,1,0.0,8.0,8.0,8.0,otns_model_derived_at_ping,model_derived,1.0,-86.146,1,-86.146,1,701.0,False,True,MutualInterference,minimal_end_device,med,enabled,True,packet_probe,"{""RxFailed"": ""0"", ""RxSuccess"": ""283"", ""TxFailed"": ""7"", ""TxSuccess"": ""234""}","{""Attach Attempts"": ""2"", ""Better Parent Attach Attempts"": ""2"", ""Better Partition Attach Attempts"": ""0"", ""Parent Changes"": ""1"", ""Partition Id Changes"": ""1"", ""Role Child"": ""2"", ""Role Detached"": ""2"", ""Role Disabled"": ""0"", ""Role Leader"": ""0"", ""Role Router"": ""0"", ""Time Child Milli"": ""689372"", ""Time Detached Milli"": ""11628"", ""Time Disabled Milli"": ""0"", ""Time Leader Milli"": ""0"", ""Time Router Milli"": ""0"", ""Time Tracked Milli"": ""701000""}",,,,,,
221,702.0,1500.0,360.0,child,8001,f262a9a43b2cc780,8000,router_c,3,3,1,5,router_c,9002,f262a9a43b2cc780,0.0,0.0,0.0,0.0,1,1,0.0,5.0,5.0,5.0,otns_model_derived_at_ping,model_derived,1.0,-86.146,1,-86.146,1,702.0,False,True,MutualInterference,minimal_end_device,med,enabled,True,packet_probe,"{""RxFailed"": ""0"", ""RxSuccess"": ""284"", ""TxFailed"": ""7"", ""TxSuccess"": ""235""}","{""Attach Attempts"": ""2"", ""Better Parent Attach Attempts"": ""2"", ""Better Partition Attach Attempts"": ""0"", ""Parent Changes"": ""1"", ""Partition Id Changes"": ""1"", ""Role Child"": ""2"", ""Role Detached"": ""2"", ""Role Disabled"": ""0"", ""Role Leader"": ""0"", ""Role Router"": ""0"", ""Time Child Milli"": ""690372"", ""Time Detached Milli"": ""11628"", ""Time Disabled Milli"": ""0"", ""Time Leader Milli"": ""0"", ""Time Router Milli"": ""0"", ""Time Tracked Milli"": ""702000""}",,,,,,
222,703.0,1500.0,360.0,child,8001,f262a9a43b2cc780,8000,router_c,3,3,2,5,router_c,9002,f262a9a43b2cc780,0.0,0.0,0.0,0.0,1,1,0.0,7.0,7.0,7.0,otns_model_derived_at_ping,model_derived,1.0,-86.146,1,-86.146,1,703.0,False,True,MutualInterference,minimal_end_device,med,enabled,True,packet_probe,"{""RxFailed"": ""0"", ""RxSuccess"": ""285"", ""TxFailed"": ""7"", ""TxSuccess"": ""236""}","{""Attach Attempts"": ""2"", ""Better Parent Attach Attempts"": ""2"", ""Better Partition Attach Attempts"": ""0"", ""Parent Changes"": ""1"", ""Partition Id Changes"": ""1"", ""Role Child"": ""2"", ""Role Detached"": ""2"", ""Role Disabled"": ""0"", ""Role Leader"": ""0"", ""Role Router"": ""0"", ""Time Child Milli"": ""691372"", ""Time Detached Milli"": ""11628"", ""Time Disabled Milli"": ""0"", ""Time Leader Milli"": ""0"", ""Time Router Milli"": ""0"", ""Time Tracked Milli"": ""703000""}",,,,,,
223,704.0,1500.0,360.0,child,8001,f262a9a43b2cc780,8000,router_c,3,3,3,5,router_c,9002,f262a9a43b2cc780,0.0,0.0,0.0,0.0,1,1,0.0,11.0,11.0,11.0,otns_model_derived_at_ping,model_derived,1.0,-86.146,1,-86.146,1,704.0,False,True,MutualInterference,minimal_end_device,med,enabled,True,packet_probe,"{""RxFailed"": ""0"", ""RxSuccess"": ""286"", ""TxFailed"": ""7"", ""TxSuccess"": ""237""}","{""Attach Attempts"": ""2"", ""Better Parent Attach Attempts"": ""2"", ""Better Partition Attach Attempts"": ""0"", ""Parent Changes"": ""1"", ""Partition Id Changes"": ""1"", ""Role Child"": ""2"", ""Role Detached"": ""2"", ""Role Disabled"": ""0"", ""Role Leader"": ""0"", ""Role Router"": ""0"", ""Time Child Milli"": ""692372"", ""Time Detached Milli"": ""11628"", ""Time Disabled Milli"": ""0"", ""Time Leader Milli"": ""0"", ""Time Router Milli"": ""0"", ""Time Tracked Milli"": ""704000""}",,,,,,
224,705.0,1500.0,360.0,child,8001,f262a9a43b2cc780,8000,router_c,3,3,4,5,router_c,9002,f262a9a43b2cc780,0.0,0.0,0.0,0.0,1,1,0.0,5.0,5.0,5.0,otns_model_derived_at_ping,model_derived,1.0,-86.146,1,-86.146,1,705.0,False,True,MutualInterference,minimal_end_device,med,enabled,True,packet_probe,"{""RxFailed"": ""0"", ""RxSuccess"": ""287"", ""TxFailed"": ""7"", ""TxSuccess"": ""238""}","{""Attach Attempts"": ""2"", ""Better Parent Attach Attempts"": ""2"", ""Better Partition Attach Attempts"": ""0"", ""Parent Changes"": ""1"", ""Partition Id Changes"": ""1"", ""Role Child"": ""2"", ""Role Detached"": ""2"", ""Role Disabled"": ""0"", ""Role Leader"": ""0"", ""Role Router"": ""0"", ""Time Child Milli"": ""693372"", ""Time Detached Milli"": ""11628"", ""Time Disabled Milli"": ""0"", ""Time Leader Milli"": ""0"", ""Time Router Milli"": ""0"", ""Time Tracked Milli"": ""705000""}",,,,,,
225,706.0,1500.0,360.0,child,8001,f262a9a43b2cc780,8000,router_c,3,3,5,5,router_c,9002,f262a9a43b2cc780,0.0,0.0,0.0,0.0,1,1,0.0,5.0,5.0,5.0,otns_model_derived_at_ping,model_derived,1.0,-86.146,1,-86.146,1,706.0,False,True,MutualInterference,minimal_end_device,med,enabled,True,packet_probe,"{""RxFailed"": ""0"", ""RxSuccess"": ""288"", ""TxFailed"": ""7"", ""TxSuccess"": ""239""}","{""Attach Attempts"": ""2"", ""Better Parent Attach Attempts"": ""2"", ""Better Partition Attach Attempts"": ""0"", ""Parent Changes"": ""1"", ""Partition Id Changes"": ""1"", ""Role Child"": ""2"", ""Role Detached"": ""2"", ""Role Disabled"": ""0"", ""Role Leader"": ""0"", ""Role Router"": ""0"", ""Time Child Milli"": ""694372"", ""Time Detached Milli"": ""11628"", ""Time Disabled Milli"": ""0"", ""Time Leader Milli"": ""0"", ""Time Router Milli"": ""0"", ""Time Tracked Milli"": ""706000""}",,,,,,
226,707.0,1500.0,360.0,child,8001,f262a9a43b2cc780,8000,router_c,3,3,6,5,router_c,9002,f262a9a43b2cc780,0.0,0.0,0.0,0.0,1,1,0.0,5.0,5.0,5.0,otns_model_derived_at_ping,model_derived,1.0,-86.146,1,-86.146,1,707.0,False,True,MutualInterference,minimal_end_device,med,enabled,True,packet_probe,"{""RxFailed"": ""0"", ""RxSuccess"": ""289"", ""TxFailed"": ""7"", ""TxSuccess"": ""240""}","{""Attach Attempts"": ""2"", ""Better Parent Attach Attempts"": ""2"", ""Better Partition Attach Attempts"": ""0"", ""Parent Changes"": ""1"", ""Partition Id Changes"": ""1"", ""Role Child"": ""2"", ""Role Detached"": ""2"", ""Role Disabled"": ""0"", ""Role Leader"": ""0"", ""Role Router"": ""0"", ""Time Child Milli"": ""695372"", ""Time Detached Milli"": ""11628"", ""Time Disabled Milli"": ""0"", ""Time Leader Milli"": ""0"", ""Time Router Milli"": ""0"", ""Time Tracked Milli"": ""707000""}",,,,,,
227,708.0,1500.0,360.0,child,8001,f262a9a43b2cc780,8000,router_c,3,3,7,5,router_c,9002,f262a9a43b2cc780,0.0,0.0,0.0,0.0,1,1,0.0,6.0,6.0,6.0,otns_model_derived_at_ping,model_derived,1.0,-86.146,1,-86.146,1,708.0,False,True,MutualInterference,minimal_end_device,med,enabled,True,packet_probe,"{""RxFailed"": ""0"", ""RxSuccess"": ""290"", ""TxFailed"": ""7"", ""TxSuccess"": ""241""}","{""Attach Attempts"": ""2"", ""Better Parent Attach Attempts"": ""2"", ""Better Partition Attach Attempts"": ""0"", ""Parent Changes"": ""1"", ""Partition Id Changes"": ""1"", ""Role Child"": ""2"", ""Role Detached"": ""2"", ""Role Disabled"": ""0"", ""Role Leader"": ""0"", ""Role Router"": ""0"", ""Time Child Milli"": ""696372"", ""Time Detached Milli"": ""11628"", ""Time Disabled Milli"": ""0"", ""Time Leader Milli"": ""0"", ""Time Router Milli"": ""0"", ""Time Tracked Milli"": ""708000""}",,,,,,
228,709.0,1500.0,360.0,child,8001,f262a9a43b2cc780,8000,router_c,3,3,8,5,router_c,9002,f262a9a43b2cc780,0.0,0.0,0.0,0.0,1,1,0.0,7.0,7.0,7.0,otns_model_derived_at_ping,model_derived,1.0,-86.146,1,-86.146,1,709.0,False,True,MutualInterference,minimal_end_device,med,enabled,True,packet_probe,"{""RxFailed"": ""0"", ""RxSuccess"": ""291"", ""TxFailed"": ""7"", ""TxSuccess"": ""242""}","{""Attach Attempts"": ""2"", ""Better Parent Attach Attempts"": ""2"", ""Better Partition Attach Attempts"": ""0"", ""Parent Changes"": ""1"", ""Partition Id Changes"": ""1"", ""Role Child"": ""2"", ""Role Detached"": ""2"", ""Role Disabled"": ""0"", ""Role Leader"": ""0"", ""Role Router"": ""0"", ""Time Child Milli"": ""697372"", ""Time Detached Milli"": ""11628"", ""Time Disabled Milli"": ""0"", ""Time Leader Milli"": ""0"", ""Time Router Milli"": ""0"", ""Time Tracked Milli"": ""709000""}",,,,,,
229,710.0,1500.0,360.0,child,8001,f262a9a43b2cc780,8000,router_c,3,3,9,5,router_c,9002,f262a9a43b2cc780,0.0,0.0,0.0,0.0,1,1,0.0,6.0,6.0,6.0,otns_model_derived_at_ping,model_derived,1.0,-86.146,1,-86.146,1,710.0,False,True,MutualInterference,minimal_end_device,med,enabled,True,packet_probe,"{""RxFailed"": ""0"", ""RxSuccess"": ""292"", ""TxFailed"": ""7"", ""TxSuccess"": ""243""}","{""Attach Attempts"": ""2"", ""Better Parent Attach Attempts"": ""2"", ""Better Partition Attach Attempts"": ""0"", ""Parent Changes"": ""1"", ""Partition Id Changes"": ""1"", ""Role Child"": ""2"", ""Role Detached"": ""2"", ""Role Disabled"": ""0"", ""Role Leader"": ""0"", ""Role Router"": ""0"", ""Time Child Milli"": ""698372"", ""Time Detached Milli"": ""11628"", ""Time Disabled Milli"": ""0"", ""Time Leader Milli"": ""0"", ""Time Router Milli"": ""0"", ""Time Tracked Milli"": ""710000""}",,,,,,
230,711.0,1500.0,360.0,child,8001,f262a9a43b2cc780,8000,router_c,3,3,10,5,router_c,9002,f262a9a43b2cc780,0.0,0.0,0.0,0.0,1,1,0.0,7.0,7.0,7.0,otns_model_derived_at_ping,model_derived,1.0,-86.146,1,-86.146,1,711.0,False,True,MutualInterference,minimal_end_device,med,enabled,True,packet_probe,"{""RxFailed"": ""0"", ""RxSuccess"": ""293"", ""TxFailed"": ""7"", ""TxSuccess"": ""244""}","{""Attach Attempts"": ""2"", ""Better Parent Attach Attempts"": ""2"", ""Better Partition Attach Attempts"": ""0"", ""Parent Changes"": ""1"", ""Partition Id Changes"": ""1"", ""Role Child"": ""2"", ""Role Detached"": ""2"", ""Role Disabled"": ""0"", ""Role Leader"": ""0"", ""Role Router"": ""0"", ""Time Child Milli"": ""699372"", ""Time Detached Milli"": ""11628"", ""Time Disabled Milli"": ""0"", ""Time Leader Milli"": ""0"", ""Time Router Milli"": ""0"", ""Time Tracked Milli"": ""711000""}",,,,,,
231,712.0,1500.0,360.0,child,8001,f262a9a43b2cc780,8000,router_c,3,3,0,5,router_c,9002,f262a9a43b2cc780,0.0,0.0,0.0,0.0,1,1,0.0,6.0,6.0,6.0,otns_model_derived_at_ping,model_derived,1.0,-86.146,1,-86.146,1,712.0,False,True,MutualInterference,minimal_end_device,med,enabled,True,packet_probe,"{""RxFailed"": ""0"", ""RxSuccess"": ""295"", ""TxFailed"": ""7"", ""TxSuccess"": ""245""}","{""Attach Attempts"": ""2"", ""Better Parent Attach Attempts"": ""2"", ""Better Partition Attach Attempts"": ""0"", ""Parent Changes"": ""1"", ""Partition Id Changes"": ""1"", ""Role Child"": ""2"", ""Role Detached"": ""2"", ""Role Disabled"": ""0"", ""Role Leader"": ""0"", ""Role Router"": ""0"", ""Time Child Milli"": ""700372"", ""Time Detached Milli"": ""11628"", ""Time Disabled Milli"": ""0"", ""Time Leader Milli"": ""0"", ""Time Router Milli"": ""0"", ""Time Tracked Milli"": ""712000""}",,,,,,
232,713.0,1500.0,360.0,child,8001,f262a9a43b2cc780,8000,router_c,3,3,1,5,router_c,9002,f262a9a43b2cc780,0.0,0.0,0.0,0.0,1,1,0.0,5.0,5.0,5.0,otns_model_derived_at_ping,model_derived,1.0,-86.146,1,-86.146,1,713.0,False,True,MutualInterference,minimal_end_device,med,enabled,True,packet_probe,"{""RxFailed"": ""0"", ""RxSuccess"": ""296"", ""TxFailed"": ""7"", ""TxSuccess"": ""246""}","{""Attach Attempts"": ""2"", ""Better Parent Attach Attempts"": ""2"", ""Better Partition Attach Attempts"": ""0"", ""Parent Changes"": ""1"", ""Partition Id Changes"": ""1"", ""Role Child"": ""2"", ""Role Detached"": ""2"", ""Role Disabled"": ""0"", ""Role Leader"": ""0"", ""Role Router"": ""0"", ""Time Child Milli"": ""701372"", ""Time Detached Milli"": ""11628"", ""Time Disabled Milli"": ""0"", ""Time Leader Milli"": ""0"", ""Time Router Milli"": ""0"", ""Time Tracked Milli"": ""713000""}",,,,,,
233,714.0,1500.0,360.0,child,8001,f262a9a43b2cc780,8000,router_c,3,3,2,5,router_c,9002,f262a9a43b2cc780,0.0,0.0,0.0,0.0,1,1,0.0,7.0,7.0,7.0,otns_model_derived_at_ping,model_derived,1.0,-86.146,1,-86.146,1,714.0,False,True,MutualInterference,minimal_end_device,med,enabled,True,packet_probe,"{""RxFailed"": ""0"", ""RxSuccess"": ""297"", ""TxFailed"": ""7"", ""TxSuccess"": ""247""}","{""Attach Attempts"": ""2"", ""Better Parent Attach Attempts"": ""2"", ""Better Partition Attach Attempts"": ""0"", ""Parent Changes"": ""1"", ""Partition Id Changes"": ""1"", ""Role Child"": ""2"", ""Role Detached"": ""2"", ""Role Disabled"": ""0"", ""Role Leader"": ""0"", ""Role Router"": ""0"", ""Time Child Milli"": ""702372"", ""Time Detached Milli"": ""11628"", ""Time Disabled Milli"": ""0"", ""Time Leader Milli"": ""0"", ""Time Router Milli"": ""0"", ""Time Tracked Milli"": ""714000""}",,,,,,
234,715.0,1500.0,360.0,child,8001,f262a9a43b2cc780,8000,router_c,3,3,3,5,router_c,9002,f262a9a43b2cc780,0.0,0.0,0.0,0.0,1,1,0.0,6.0,6.0,6.0,otns_model_derived_at_ping,model_derived,1.0,-86.146,1,-86.146,1,715.0,False,True,MutualInterference,minimal_end_device,med,enabled,True,packet_probe,"{""RxFailed"": ""0"", ""RxSuccess"": ""298"", ""TxFailed"": ""7"", ""TxSuccess"": ""248""}","{""Attach Attempts"": ""2"", ""Better Parent Attach Attempts"": ""2"", ""Better Partition Attach Attempts"": ""0"", ""Parent Changes"": ""1"", ""Partition Id Changes"": ""1"", ""Role Child"": ""2"", ""Role Detached"": ""2"", ""Role Disabled"": ""0"", ""Role Leader"": ""0"", ""Role Router"": ""0"", ""Time Child Milli"": ""703372"", ""Time Detached Milli"": ""11628"", ""Time Disabled Milli"": ""0"", ""Time Leader Milli"": ""0"", ""Time Router Milli"": ""0"", ""Time Tracked Milli"": ""715000""}",,,,,,
235,716.0,1500.0,360.0,child,8001,f262a9a43b2cc780,8000,router_c,3,3,4,5,router_c,9002,f262a9a43b2cc780,0.0,0.0,0.0,0.0,1,1,0.0,6.0,6.0,6.0,otns_model_derived_at_ping,model_derived,1.0,-86.146,1,-86.146,1,716.0,False,True,MutualInterference,minimal_end_device,med,enabled,True,packet_probe,"{""RxFailed"": ""0"", ""RxSuccess"": ""299"", ""TxFailed"": ""7"", ""TxSuccess"": ""249""}","{""Attach Attempts"": ""2"", ""Better Parent Attach Attempts"": ""2"", ""Better Partition Attach Attempts"": ""0"", ""Parent Changes"": ""1"", ""Partition Id Changes"": ""1"", ""Role Child"": ""2"", ""Role Detached"": ""2"", ""Role Disabled"": ""0"", ""Role Leader"": ""0"", ""Role Router"": ""0"", ""Time Child Milli"": ""704372"", ""Time Detached Milli"": ""11628"", ""Time Disabled Milli"": ""0"", ""Time Leader Milli"": ""0"", ""Time Router Milli"": ""0"", ""Time Tracked Milli"": ""716000""}",,,,,,
236,717.0,1500.0,360.0,child,8001,f262a9a43b2cc780,8000,router_c,3,3,5,5,router_c,9002,f262a9a43b2cc780,0.0,0.0,0.0,0.0,1,1,0.0,6.0,6.0,6.0,otns_model_derived_at_ping,model_derived,1.0,-86.146,1,-86.146,1,717.0,False,True,MutualInterference,minimal_end_device,med,enabled,True,packet_probe,"{""RxFailed"": ""0"", ""RxSuccess"": ""300"", ""TxFailed"": ""7"", ""TxSuccess"": ""250""}","{""Attach Attempts"": ""2"", ""Better Parent Attach Attempts"": ""2"", ""Better Partition Attach Attempts"": ""0"", ""Parent Changes"": ""1"", ""Partition Id Changes"": ""1"", ""Role Child"": ""2"", ""Role Detached"": ""2"", ""Role Disabled"": ""0"", ""Role Leader"": ""0"", ""Role Router"": ""0"", ""Time Child Milli"": ""705372"", ""Time Detached Milli"": ""11628"", ""Time Disabled Milli"": ""0"", ""Time Leader Milli"": ""0"", ""Time Router Milli"": ""0"", ""Time Tracked Milli"": ""717000""}",,,,,,
237,718.0,1500.0,360.0,child,8001,f262a9a43b2cc780,8000,router_c,3,3,6,5,router_c,9002,f262a9a43b2cc780,0.0,0.0,0.0,0.0,1,1,0.0,6.0,6.0,6.0,otns_model_derived_at_ping,model_derived,1.0,-86.146,1,-86.146,1,718.0,False,True,MutualInterference,minimal_end_device,med,enabled,True,packet_probe,"{""RxFailed"": ""0"", ""RxSuccess"": ""301"", ""TxFailed"": ""7"", ""TxSuccess"": ""251""}","{""Attach Attempts"": ""2"", ""Better Parent Attach Attempts"": ""2"", ""Better Partition Attach Attempts"": ""0"", ""Parent Changes"": ""1"", ""Partition Id Changes"": ""1"", ""Role Child"": ""2"", ""Role Detached"": ""2"", ""Role Disabled"": ""0"", ""Role Leader"": ""0"", ""Role Router"": ""0"", ""Time Child Milli"": ""706372"", ""Time Detached Milli"": ""11628"", ""Time Disabled Milli"": ""0"", ""Time Leader Milli"": ""0"", ""Time Router Milli"": ""0"", ""Time Tracked Milli"": ""718000""}",,,,,,
238,719.0,1500.0,360.0,child,8001,f262a9a43b2cc780,8000,router_c,3,3,7,5,router_c,9002,f262a9a43b2cc780,0.0,0.0,0.0,0.0,1,1,0.0,7.0,7.0,7.0,otns_model_derived_at_ping,model_derived,1.0,-86.146,1,-86.146,1,719.0,False,True,MutualInterference,minimal_end_device,med,enabled,True,packet_probe,"{""RxFailed"": ""0"", ""RxSuccess"": ""302"", ""TxFailed"": ""7"", ""TxSuccess"": ""252""}","{""Attach Attempts"": ""2"", ""Better Parent Attach Attempts"": ""2"", ""Better Partition Attach Attempts"": ""0"", ""Parent Changes"": ""1"", ""Partition Id Changes"": ""1"", ""Role Child"": ""2"", ""Role Detached"": ""2"", ""Role Disabled"": ""0"", ""Role Leader"": ""0"", ""Role Router"": ""0"", ""Time Child Milli"": ""707372"", ""Time Detached Milli"": ""11628"", ""Time Disabled Milli"": ""0"", ""Time Leader Milli"": ""0"", ""Time Router Milli"": ""0"", ""Time Tracked Milli"": ""719000""}",,,,,,
239,720.0,1500.0,360.0,child,8001,f262a9a43b2cc780,8000,router_c,3,3,8,5,router_c,9002,f262a9a43b2cc780,0.0,0.0,0.0,0.0,1,1,0.0,7.0,7.0,7.0,otns_model_derived_at_ping,model_derived,1.0,-86.146,1,-86.146,1,720.0,False,True,MutualInterference,minimal_end_device,med,enabled,True,packet_probe,"{""RxFailed"": ""0"", ""RxSuccess"": ""303"", ""TxFailed"": ""7"", ""TxSuccess"": ""253""}","{""Attach Attempts"": ""2"", ""Better Parent Attach Attempts"": ""2"", ""Better Partition Attach Attempts"": ""0"", ""Parent Changes"": ""1"", ""Partition Id Changes"": ""1"", ""Role Child"": ""2"", ""Role Detached"": ""2"", ""Role Disabled"": ""0"", ""Role Leader"": ""0"", ""Role Router"": ""0"", ""Time Child Milli"": ""708372"", ""Time Detached Milli"": ""11628"", ""Time Disabled Milli"": ""0"", ""Time Leader Milli"": ""0"", ""Time Router Milli"": ""0"", ""Time Tracked Milli"": ""720000""}",,,,,,
240,721.0,1500.0,360.0,child,8001,f262a9a43b2cc780,8000,router_c,3,3,9,5,router_c,9002,f262a9a43b2cc780,0.0,0.0,0.0,0.0,1,1,0.0,6.0,6.0,6.0,otns_model_derived_at_ping,model_derived,1.0,-86.146,1,-86.146,1,721.0,False,True,MutualInterference,minimal_end_device,med,enabled,True,packet_probe,"{""RxFailed"": ""0"", ""RxSuccess"": ""304"", ""TxFailed"": ""7"", ""TxSuccess"": ""254""}","{""Attach Attempts"": ""2"", ""Better Parent Attach Attempts"": ""2"", ""Better Partition Attach Attempts"": ""0"", ""Parent Changes"": ""1"", ""Partition Id Changes"": ""1"", ""Role Child"": ""2"", ""Role Detached"": ""2"", ""Role Disabled"": ""0"", ""Role Leader"": ""0"", ""Role Router"": ""0"", ""Time Child Milli"": ""709372"", ""Time Detached Milli"": ""11628"", ""Time Disabled Milli"": ""0"", ""Time Leader Milli"": ""0"", ""Time Router Milli"": ""0"", ""Time Tracked Milli"": ""721000""}",,,,,,
241,722.0,1500.0,360.0,child,8001,f262a9a43b2cc780,8000,router_c,3,3,10,5,router_c,9002,f262a9a43b2cc780,0.0,0.0,0.0,0.0,1,1,0.0,7.0,7.0,7.0,otns_model_derived_at_ping,model_derived,1.0,-86.146,1,-86.146,1,722.0,False,True,MutualInterference,minimal_end_device,med,enabled,True,packet_probe,"{""RxFailed"": ""0"", ""RxSuccess"": ""305"", ""TxFailed"": ""7"", ""TxSuccess"": ""255""}","{""Attach Attempts"": ""2"", ""Better Parent Attach Attempts"": ""2"", ""Better Partition Attach Attempts"": ""0"", ""Parent Changes"": ""1"", ""Partition Id Changes"": ""1"", ""Role Child"": ""2"", ""Role Detached"": ""2"", ""Role Disabled"": ""0"", ""Role Leader"": ""0"", ""Role Router"": ""0"", ""Time Child Milli"": ""710372"", ""Time Detached Milli"": ""11628"", ""Time Disabled Milli"": ""0"", ""Time Leader Milli"": ""0"", ""Time Router Milli"": ""0"", ""Time Tracked Milli"": ""722000""}",,,,,,
242,723.0,1500.0,360.0,child,8001,f262a9a43b2cc780,8000,router_c,3,3,11,5,router_c,9002,f262a9a43b2cc780,0.0,0.0,0.0,0.0,1,1,0.0,5.0,5.0,5.0,otns_model_derived_at_ping,model_derived,1.0,-86.146,1,-86.146,1,723.0,False,True,MutualInterference,minimal_end_device,med,enabled,True,packet_probe,"{""RxFailed"": ""0"", ""RxSuccess"": ""306"", ""TxFailed"": ""7"", ""TxSuccess"": ""256""}","{""Attach Attempts"": ""2"", ""Better Parent Attach Attempts"": ""2"", ""Better Partition Attach Attempts"": ""0"", ""Parent Changes"": ""1"", ""Partition Id Changes"": ""1"", ""Role Child"": ""2"", ""Role Detached"": ""2"", ""Role Disabled"": ""0"", ""Role Leader"": ""0"", ""Role Router"": ""0"", ""Time Child Milli"": ""711372"", ""Time Detached Milli"": ""11628"", ""Time Disabled Milli"": ""0"", ""Time Leader Milli"": ""0"", ""Time Router Milli"": ""0"", ""Time Tracked Milli"": ""723000""}",,,,,,
243,724.0,1500.0,360.0,child,8001,f262a9a43b2cc780,8000,router_c,3,3,12,5,router_c,9002,f262a9a43b2cc780,0.0,0.0,0.0,0.0,1,1,0.0,6.0,6.0,6.0,otns_model_derived_at_ping,model_derived,1.0,-86.146,1,-86.146,1,724.0,False,True,MutualInterference,minimal_end_device,med,enabled,True,packet_probe,"{""RxFailed"": ""0"", ""RxSuccess"": ""307"", ""TxFailed"": ""7"", ""TxSuccess"": ""257""}","{""Attach Attempts"": ""2"", ""Better Parent Attach Attempts"": ""2"", ""Better Partition Attach Attempts"": ""0"", ""Parent Changes"": ""1"", ""Partition Id Changes"": ""1"", ""Role Child"": ""2"", ""Role Detached"": ""2"", ""Role Disabled"": ""0"", ""Role Leader"": ""0"", ""Role Router"": ""0"", ""Time Child Milli"": ""712372"", ""Time Detached Milli"": ""11628"", ""Time Disabled Milli"": ""0"", ""Time Leader Milli"": ""0"", ""Time Router Milli"": ""0"", ""Time Tracked Milli"": ""724000""}",,,,,,
244,725.0,1500.0,360.0,child,8001,f262a9a43b2cc780,8000,router_c,3,3,0,5,router_c,9002,f262a9a43b2cc780,0.0,0.0,0.0,0.0,1,1,0.0,6.0,6.0,6.0,otns_model_derived_at_ping,model_derived,1.0,-86.146,1,-86.146,1,725.0,False,True,MutualInterference,minimal_end_device,med,enabled,True,packet_probe,"{""RxFailed"": ""0"", ""RxSuccess"": ""309"", ""TxFailed"": ""7"", ""TxSuccess"": ""258""}","{""Attach Attempts"": ""2"", ""Better Parent Attach Attempts"": ""2"", ""Better Partition Attach Attempts"": ""0"", ""Parent Changes"": ""1"", ""Partition Id Changes"": ""1"", ""Role Child"": ""2"", ""Role Detached"": ""2"", ""Role Disabled"": ""0"", ""Role Leader"": ""0"", ""Role Router"": ""0"", ""Time Child Milli"": ""713372"", ""Time Detached Milli"": ""11628"", ""Time Disabled Milli"": ""0"", ""Time Leader Milli"": ""0"", ""Time Router Milli"": ""0"", ""Time Tracked Milli"": ""725000""}",,,,,,
245,726.0,1500.0,360.0,child,8001,f262a9a43b2cc780,8000,router_c,3,3,1,5,router_c,9002,f262a9a43b2cc780,0.0,0.0,0.0,0.0,1,1,0.0,8.0,8.0,8.0,otns_model_derived_at_ping,model_derived,1.0,-86.146,1,-86.146,1,726.0,False,True,MutualInterference,minimal_end_device,med,enabled,True,packet_probe,"{""RxFailed"": ""0"", ""RxSuccess"": ""310"", ""TxFailed"": ""7"", ""TxSuccess"": ""259""}","{""Attach Attempts"": ""2"", ""Better Parent Attach Attempts"": ""2"", ""Better Partition Attach Attempts"": ""0"", ""Parent Changes"": ""1"", ""Partition Id Changes"": ""1"", ""Role Child"": ""2"", ""Role Detached"": ""2"", ""Role Disabled"": ""0"", ""Role Leader"": ""0"", ""Role Router"": ""0"", ""Time Child Milli"": ""714372"", ""Time Detached Milli"": ""11628"", ""Time Disabled Milli"": ""0"", ""Time Leader Milli"": ""0"", ""Time Router Milli"": ""0"", ""Time Tracked Milli"": ""726000""}",,,,,,
246,727.0,1500.0,360.0,child,8001,f262a9a43b2cc780,8000,router_c,3,3,2,5,router_c,9002,f262a9a43b2cc780,0.0,0.0,0.0,0.0,1,1,0.0,8.0,8.0,8.0,otns_model_derived_at_ping,model_derived,1.0,-86.146,1,-86.146,1,727.0,False,True,MutualInterference,minimal_end_device,med,enabled,True,packet_probe,"{""RxFailed"": ""0"", ""RxSuccess"": ""311"", ""TxFailed"": ""7"", ""TxSuccess"": ""260""}","{""Attach Attempts"": ""2"", ""Better Parent Attach Attempts"": ""2"", ""Better Partition Attach Attempts"": ""0"", ""Parent Changes"": ""1"", ""Partition Id Changes"": ""1"", ""Role Child"": ""2"", ""Role Detached"": ""2"", ""Role Disabled"": ""0"", ""Role Leader"": ""0"", ""Role Router"": ""0"", ""Time Child Milli"": ""715372"", ""Time Detached Milli"": ""11628"", ""Time Disabled Milli"": ""0"", ""Time Leader Milli"": ""0"", ""Time Router Milli"": ""0"", ""Time Tracked Milli"": ""727000""}",,,,,,
247,728.0,1500.0,360.0,child,8001,f262a9a43b2cc780,8000,router_c,3,3,3,5,router_c,9002,f262a9a43b2cc780,0.0,0.0,0.0,0.0,1,1,0.0,6.0,6.0,6.0,otns_model_derived_at_ping,model_derived,1.0,-86.146,1,-86.146,1,728.0,False,True,MutualInterference,minimal_end_device,med,enabled,True,packet_probe,"{""RxFailed"": ""0"", ""RxSuccess"": ""312"", ""TxFailed"": ""7"", ""TxSuccess"": ""261""}","{""Attach Attempts"": ""2"", ""Better Parent Attach Attempts"": ""2"", ""Better Partition Attach Attempts"": ""0"", ""Parent Changes"": ""1"", ""Partition Id Changes"": ""1"", ""Role Child"": ""2"", ""Role Detached"": ""2"", ""Role Disabled"": ""0"", ""Role Leader"": ""0"", ""Role Router"": ""0"", ""Time Child Milli"": ""716372"", ""Time Detached Milli"": ""11628"", ""Time Disabled Milli"": ""0"", ""Time Leader Milli"": ""0"", ""Time Router Milli"": ""0"", ""Time Tracked Milli"": ""728000""}",,,,,,
248,729.0,1500.0,360.0,child,8001,f262a9a43b2cc780,8000,router_c,3,3,4,5,router_c,9002,f262a9a43b2cc780,0.0,0.0,0.0,0.0,1,1,0.0,5.0,5.0,5.0,otns_model_derived_at_ping,model_derived,1.0,-86.146,1,-86.146,1,729.0,False,True,MutualInterference,minimal_end_device,med,enabled,True,packet_probe,"{""RxFailed"": ""0"", ""RxSuccess"": ""313"", ""TxFailed"": ""7"", ""TxSuccess"": ""262""}","{""Attach Attempts"": ""2"", ""Better Parent Attach Attempts"": ""2"", ""Better Partition Attach Attempts"": ""0"", ""Parent Changes"": ""1"", ""Partition Id Changes"": ""1"", ""Role Child"": ""2"", ""Role Detached"": ""2"", ""Role Disabled"": ""0"", ""Role Leader"": ""0"", ""Role Router"": ""0"", ""Time Child Milli"": ""717372"", ""Time Detached Milli"": ""11628"", ""Time Disabled Milli"": ""0"", ""Time Leader Milli"": ""0"", ""Time Router Milli"": ""0"", ""Time Tracked Milli"": ""729000""}",,,,,,
249,730.0,1500.0,360.0,child,8001,f262a9a43b2cc780,8000,router_c,3,3,5,5,router_c,9002,f262a9a43b2cc780,0.0,0.0,0.0,0.0,1,1,0.0,9.0,9.0,9.0,otns_model_derived_at_ping,model_derived,1.0,-86.146,1,-86.146,1,730.0,False,True,MutualInterference,minimal_end_device,med,enabled,True,packet_probe,"{""RxFailed"": ""0"", ""RxSuccess"": ""314"", ""TxFailed"": ""7"", ""TxSuccess"": ""263""}","{""Attach Attempts"": ""2"", ""Better Parent Attach Attempts"": ""2"", ""Better Partition Attach Attempts"": ""0"", ""Parent Changes"": ""1"", ""Partition Id Changes"": ""1"", ""Role Child"": ""2"", ""Role Detached"": ""2"", ""Role Disabled"": ""0"", ""Role Leader"": ""0"", ""Role Router"": ""0"", ""Time Child Milli"": ""718372"", ""Time Detached Milli"": ""11628"", ""Time Disabled Milli"": ""0"", ""Time Leader Milli"": ""0"", ""Time Router Milli"": ""0"", ""Time Tracked Milli"": ""730000""}",,,,,,
250,731.0,1500.0,360.0,child,8001,f262a9a43b2cc780,8000,router_c,3,3,0,5,router_c,9002,f262a9a43b2cc780,0.0,0.0,0.0,0.0,1,1,0.0,6.0,6.0,6.0,otns_model_derived_at_ping,model_derived,1.0,-86.146,1,-86.146,1,731.0,False,True,MutualInterference,minimal_end_device,med,enabled,True,packet_probe,"{""RxFailed"": ""0"", ""RxSuccess"": ""316"", ""TxFailed"": ""7"", ""TxSuccess"": ""264""}","{""Attach Attempts"": ""2"", ""Better Parent Attach Attempts"": ""2"", ""Better Partition Attach Attempts"": ""0"", ""Parent Changes"": ""1"", ""Partition Id Changes"": ""1"", ""Role Child"": ""2"", ""Role Detached"": ""2"", ""Role Disabled"": ""0"", ""Role Leader"": ""0"", ""Role Router"": ""0"", ""Time Child Milli"": ""719372"", ""Time Detached Milli"": ""11628"", ""Time Disabled Milli"": ""0"", ""Time Leader Milli"": ""0"", ""Time Router Milli"": ""0"", ""Time Tracked Milli"": ""731000""}",,,,,,
251,732.0,1500.0,360.0,child,8001,f262a9a43b2cc780,8000,router_c,3,3,1,5,router_c,9002,f262a9a43b2cc780,0.0,0.0,0.0,0.0,1,1,0.0,5.0,5.0,5.0,otns_model_derived_at_ping,model_derived,1.0,-86.146,1,-86.146,1,732.0,False,True,MutualInterference,minimal_end_device,med,enabled,True,packet_probe,"{""RxFailed"": ""0"", ""RxSuccess"": ""317"", ""TxFailed"": ""7"", ""TxSuccess"": ""265""}","{""Attach Attempts"": ""2"", ""Better Parent Attach Attempts"": ""2"", ""Better Partition Attach Attempts"": ""0"", ""Parent Changes"": ""1"", ""Partition Id Changes"": ""1"", ""Role Child"": ""2"", ""Role Detached"": ""2"", ""Role Disabled"": ""0"", ""Role Leader"": ""0"", ""Role Router"": ""0"", ""Time Child Milli"": ""720372"", ""Time Detached Milli"": ""11628"", ""Time Disabled Milli"": ""0"", ""Time Leader Milli"": ""0"", ""Time Router Milli"": ""0"", ""Time Tracked Milli"": ""732000""}",,,,,,
252,733.0,1500.0,360.0,child,8001,f262a9a43b2cc780,8000,router_c,3,3,0,5,router_c,9002,f262a9a43b2cc780,0.0,0.0,0.0,0.0,1,1,0.0,9.0,9.0,9.0,otns_model_derived_at_ping,model_derived,1.0,-86.146,1,-86.146,1,733.0,False,True,MutualInterference,minimal_end_device,med,enabled,True,packet_probe,"{""RxFailed"": ""0"", ""RxSuccess"": ""319"", ""TxFailed"": ""7"", ""TxSuccess"": ""266""}","{""Attach Attempts"": ""2"", ""Better Parent Attach Attempts"": ""2"", ""Better Partition Attach Attempts"": ""0"", ""Parent Changes"": ""1"", ""Partition Id Changes"": ""1"", ""Role Child"": ""2"", ""Role Detached"": ""2"", ""Role Disabled"": ""0"", ""Role Leader"": ""0"", ""Role Router"": ""0"", ""Time Child Milli"": ""721372"", ""Time Detached Milli"": ""11628"", ""Time Disabled Milli"": ""0"", ""Time Leader Milli"": ""0"", ""Time Router Milli"": ""0"", ""Time Tracked Milli"": ""733000""}",,,,,,
253,734.0,1500.0,360.0,child,8001,f262a9a43b2cc780,8000,router_c,3,3,1,5,router_c,9002,f262a9a43b2cc780,0.0,0.0,0.0,0.0,1,1,0.0,7.0,7.0,7.0,otns_model_derived_at_ping,model_derived,1.0,-86.146,1,-86.146,1,734.0,False,True,MutualInterference,minimal_end_device,med,enabled,True,packet_probe,"{""RxFailed"": ""0"", ""RxSuccess"": ""320"", ""TxFailed"": ""7"", ""TxSuccess"": ""267""}","{""Attach Attempts"": ""2"", ""Better Parent Attach Attempts"": ""2"", ""Better Partition Attach Attempts"": ""0"", ""Parent Changes"": ""1"", ""Partition Id Changes"": ""1"", ""Role Child"": ""2"", ""Role Detached"": ""2"", ""Role Disabled"": ""0"", ""Role Leader"": ""0"", ""Role Router"": ""0"", ""Time Child Milli"": ""722372"", ""Time Detached Milli"": ""11628"", ""Time Disabled Milli"": ""0"", ""Time Leader Milli"": ""0"", ""Time Router Milli"": ""0"", ""Time Tracked Milli"": ""734000""}",,,,,,
254,735.0,1500.0,360.0,child,8001,f262a9a43b2cc780,8000,router_c,3,3,2,5,router_c,9002,f262a9a43b2cc780,0.0,0.0,0.0,0.0,1,1,0.0,5.0,5.0,5.0,otns_model_derived_at_ping,model_derived,1.0,-86.146,1,-86.146,1,735.0,False,True,MutualInterference,minimal_end_device,med,enabled,True,packet_probe,"{""RxFailed"": ""0"", ""RxSuccess"": ""321"", ""TxFailed"": ""7"", ""TxSuccess"": ""268""}","{""Attach Attempts"": ""2"", ""Better Parent Attach Attempts"": ""2"", ""Better Partition Attach Attempts"": ""0"", ""Parent Changes"": ""1"", ""Partition Id Changes"": ""1"", ""Role Child"": ""2"", ""Role Detached"": ""2"", ""Role Disabled"": ""0"", ""Role Leader"": ""0"", ""Role Router"": ""0"", ""Time Child Milli"": ""723372"", ""Time Detached Milli"": ""11628"", ""Time Disabled Milli"": ""0"", ""Time Leader Milli"": ""0"", ""Time Router Milli"": ""0"", ""Time Tracked Milli"": ""735000""}",,,,,,
255,736.0,1500.0,360.0,child,8001,f262a9a43b2cc780,8000,router_c,3,3,0,5,router_c,9002,f262a9a43b2cc780,0.0,0.0,0.0,0.0,1,1,0.0,7.0,7.0,7.0,otns_model_derived_at_ping,model_derived,1.0,-86.146,1,-86.146,1,736.0,False,True,MutualInterference,minimal_end_device,med,enabled,True,packet_probe,"{""RxFailed"": ""0"", ""RxSuccess"": ""323"", ""TxFailed"": ""7"", ""TxSuccess"": ""269""}","{""Attach Attempts"": ""2"", ""Better Parent Attach Attempts"": ""2"", ""Better Partition Attach Attempts"": ""0"", ""Parent Changes"": ""1"", ""Partition Id Changes"": ""1"", ""Role Child"": ""2"", ""Role Detached"": ""2"", ""Role Disabled"": ""0"", ""Role Leader"": ""0"", ""Role Router"": ""0"", ""Time Child Milli"": ""724372"", ""Time Detached Milli"": ""11628"", ""Time Disabled Milli"": ""0"", ""Time Leader Milli"": ""0"", ""Time Router Milli"": ""0"", ""Time Tracked Milli"": ""736000""}",,,,,,
256,737.0,1500.0,360.0,child,8001,f262a9a43b2cc780,8000,router_c,3,3,1,5,router_c,9002,f262a9a43b2cc780,0.0,0.0,0.0,0.0,1,1,0.0,7.0,7.0,7.0,otns_model_derived_at_ping,model_derived,1.0,-86.146,1,-86.146,1,737.0,False,True,MutualInterference,minimal_end_device,med,enabled,True,packet_probe,"{""RxFailed"": ""0"", ""RxSuccess"": ""324"", ""TxFailed"": ""7"", ""TxSuccess"": ""270""}","{""Attach Attempts"": ""2"", ""Better Parent Attach Attempts"": ""2"", ""Better Partition Attach Attempts"": ""0"", ""Parent Changes"": ""1"", ""Partition Id Changes"": ""1"", ""Role Child"": ""2"", ""Role Detached"": ""2"", ""Role Disabled"": ""0"", ""Role Leader"": ""0"", ""Role Router"": ""0"", ""Time Child Milli"": ""725372"", ""Time Detached Milli"": ""11628"", ""Time Disabled Milli"": ""0"", ""Time Leader Milli"": ""0"", ""Time Router Milli"": ""0"", ""Time Tracked Milli"": ""737000""}",,,,,,
257,738.0,1500.0,360.0,child,8001,f262a9a43b2cc780,8000,router_c,3,3,2,5,router_c,9002,f262a9a43b2cc780,0.0,0.0,0.0,0.0,1,1,0.0,8.0,8.0,8.0,otns_model_derived_at_ping,model_derived,1.0,-86.146,1,-86.146,1,738.0,False,True,MutualInterference,minimal_end_device,med,enabled,True,packet_probe,"{""RxFailed"": ""0"", ""RxSuccess"": ""325"", ""TxFailed"": ""7"", ""TxSuccess"": ""271""}","{""Attach Attempts"": ""2"", ""Better Parent Attach Attempts"": ""2"", ""Better Partition Attach Attempts"": ""0"", ""Parent Changes"": ""1"", ""Partition Id Changes"": ""1"", ""Role Child"": ""2"", ""Role Detached"": ""2"", ""Role Disabled"": ""0"", ""Role Leader"": ""0"", ""Role Router"": ""0"", ""Time Child Milli"": ""726372"", ""Time Detached Milli"": ""11628"", ""Time Disabled Milli"": ""0"", ""Time Leader Milli"": ""0"", ""Time Router Milli"": ""0"", ""Time Tracked Milli"": ""738000""}",,,,,,
258,739.0,1500.0,360.0,child,8001,f262a9a43b2cc780,8000,router_c,3,3,3,5,router_c,9002,f262a9a43b2cc780,0.0,0.0,0.0,0.0,1,1,0.0,8.0,8.0,8.0,otns_model_derived_at_ping,model_derived,1.0,-86.146,1,-86.146,1,739.0,False,True,MutualInterference,minimal_end_device,med,enabled,True,packet_probe,"{""RxFailed"": ""0"", ""RxSuccess"": ""326"", ""TxFailed"": ""7"", ""TxSuccess"": ""272""}","{""Attach Attempts"": ""2"", ""Better Parent Attach Attempts"": ""2"", ""Better Partition Attach Attempts"": ""0"", ""Parent Changes"": ""1"", ""Partition Id Changes"": ""1"", ""Role Child"": ""2"", ""Role Detached"": ""2"", ""Role Disabled"": ""0"", ""Role Leader"": ""0"", ""Role Router"": ""0"", ""Time Child Milli"": ""727372"", ""Time Detached Milli"": ""11628"", ""Time Disabled Milli"": ""0"", ""Time Leader Milli"": ""0"", ""Time Router Milli"": ""0"", ""Time Tracked Milli"": ""739000""}",,,,,,
259,740.0,1500.0,360.0,child,8001,f262a9a43b2cc780,8000,router_c,3,3,4,5,router_c,9002,f262a9a43b2cc780,0.0,0.0,0.0,0.0,1,1,0.0,10.0,10.0,10.0,otns_model_derived_at_ping,model_derived,1.0,-86.146,1,-86.146,1,740.0,False,True,MutualInterference,minimal_end_device,med,enabled,True,packet_probe,"{""RxFailed"": ""0"", ""RxSuccess"": ""327"", ""TxFailed"": ""7"", ""TxSuccess"": ""273""}","{""Attach Attempts"": ""2"", ""Better Parent Attach Attempts"": ""2"", ""Better Partition Attach Attempts"": ""0"", ""Parent Changes"": ""1"", ""Partition Id Changes"": ""1"", ""Role Child"": ""2"", ""Role Detached"": ""2"", ""Role Disabled"": ""0"", ""Role Leader"": ""0"", ""Role Router"": ""0"", ""Time Child Milli"": ""728372"", ""Time Detached Milli"": ""11628"", ""Time Disabled Milli"": ""0"", ""Time Leader Milli"": ""0"", ""Time Router Milli"": ""0"", ""Time Tracked Milli"": ""740000""}",,,,,,
260,741.0,1500.0,360.0,child,8001,f262a9a43b2cc780,8000,router_c,3,3,5,5,router_c,9002,f262a9a43b2cc780,0.0,0.0,0.0,0.0,1,1,0.0,6.0,6.0,6.0,otns_model_derived_at_ping,model_derived,1.0,-86.146,1,-86.146,1,741.0,False,True,MutualInterference,minimal_end_device,med,enabled,True,packet_probe,"{""RxFailed"": ""0"", ""RxSuccess"": ""328"", ""TxFailed"": ""7"", ""TxSuccess"": ""274""}","{""Attach Attempts"": ""2"", ""Better Parent Attach Attempts"": ""2"", ""Better Partition Attach Attempts"": ""0"", ""Parent Changes"": ""1"", ""Partition Id Changes"": ""1"", ""Role Child"": ""2"", ""Role Detached"": ""2"", ""Role Disabled"": ""0"", ""Role Leader"": ""0"", ""Role Router"": ""0"", ""Time Child Milli"": ""729372"", ""Time Detached Milli"": ""11628"", ""Time Disabled Milli"": ""0"", ""Time Leader Milli"": ""0"", ""Time Router Milli"": ""0"", ""Time Tracked Milli"": ""741000""}",,,,,,
261,742.0,1500.0,360.0,child,8001,f262a9a43b2cc780,8000,router_c,3,3,6,5,router_c,9002,f262a9a43b2cc780,0.0,0.0,0.0,0.0,1,1,0.0,6.0,6.0,6.0,otns_model_derived_at_ping,model_derived,1.0,-86.146,1,-86.146,1,742.0,False,True,MutualInterference,minimal_end_device,med,enabled,True,packet_probe,"{""RxFailed"": ""0"", ""RxSuccess"": ""329"", ""TxFailed"": ""7"", ""TxSuccess"": ""275""}","{""Attach Attempts"": ""2"", ""Better Parent Attach Attempts"": ""2"", ""Better Partition Attach Attempts"": ""0"", ""Parent Changes"": ""1"", ""Partition Id Changes"": ""1"", ""Role Child"": ""2"", ""Role Detached"": ""2"", ""Role Disabled"": ""0"", ""Role Leader"": ""0"", ""Role Router"": ""0"", ""Time Child Milli"": ""730372"", ""Time Detached Milli"": ""11628"", ""Time Disabled Milli"": ""0"", ""Time Leader Milli"": ""0"", ""Time Router Milli"": ""0"", ""Time Tracked Milli"": ""742000""}",,,,,,
262,743.0,1500.0,360.0,child,8001,f262a9a43b2cc780,8000,router_c,3,3,7,5,router_c,9002,f262a9a43b2cc780,0.0,0.0,0.0,0.0,1,1,0.0,8.0,8.0,8.0,otns_model_derived_at_ping,model_derived,1.0,-86.146,1,-86.146,1,743.0,False,True,MutualInterference,minimal_end_device,med,enabled,True,packet_probe,"{""RxFailed"": ""0"", ""RxSuccess"": ""330"", ""TxFailed"": ""7"", ""TxSuccess"": ""276""}","{""Attach Attempts"": ""2"", ""Better Parent Attach Attempts"": ""2"", ""Better Partition Attach Attempts"": ""0"", ""Parent Changes"": ""1"", ""Partition Id Changes"": ""1"", ""Role Child"": ""2"", ""Role Detached"": ""2"", ""Role Disabled"": ""0"", ""Role Leader"": ""0"", ""Role Router"": ""0"", ""Time Child Milli"": ""731372"", ""Time Detached Milli"": ""11628"", ""Time Disabled Milli"": ""0"", ""Time Leader Milli"": ""0"", ""Time Router Milli"": ""0"", ""Time Tracked Milli"": ""743000""}",,,,,,
263,744.0,1500.0,360.0,child,8001,f262a9a43b2cc780,8000,router_c,3,3,8,5,router_c,9002,f262a9a43b2cc780,0.0,0.0,0.0,0.0,1,1,0.0,6.0,6.0,6.0,otns_model_derived_at_ping,model_derived,1.0,-86.146,1,-86.146,1,744.0,False,True,MutualInterference,minimal_end_device,med,enabled,True,packet_probe,"{""RxFailed"": ""0"", ""RxSuccess"": ""331"", ""TxFailed"": ""7"", ""TxSuccess"": ""277""}","{""Attach Attempts"": ""2"", ""Better Parent Attach Attempts"": ""2"", ""Better Partition Attach Attempts"": ""0"", ""Parent Changes"": ""1"", ""Partition Id Changes"": ""1"", ""Role Child"": ""2"", ""Role Detached"": ""2"", ""Role Disabled"": ""0"", ""Role Leader"": ""0"", ""Role Router"": ""0"", ""Time Child Milli"": ""732372"", ""Time Detached Milli"": ""11628"", ""Time Disabled Milli"": ""0"", ""Time Leader Milli"": ""0"", ""Time Router Milli"": ""0"", ""Time Tracked Milli"": ""744000""}",,,,,,
264,745.0,1500.0,360.0,child,8001,f262a9a43b2cc780,8000,router_c,3,3,0,5,router_c,9002,f262a9a43b2cc780,0.0,0.0,0.0,0.0,1,1,0.0,6.0,6.0,6.0,otns_model_derived_at_ping,model_derived,1.0,-86.146,1,-86.146,1,745.0,False,True,MutualInterference,minimal_end_device,med,enabled,True,packet_probe,"{""RxFailed"": ""0"", ""RxSuccess"": ""333"", ""TxFailed"": ""7"", ""TxSuccess"": ""278""}","{""Attach Attempts"": ""2"", ""Better Parent Attach Attempts"": ""2"", ""Better Partition Attach Attempts"": ""0"", ""Parent Changes"": ""1"", ""Partition Id Changes"": ""1"", ""Role Child"": ""2"", ""Role Detached"": ""2"", ""Role Disabled"": ""0"", ""Role Leader"": ""0"", ""Role Router"": ""0"", ""Time Child Milli"": ""733372"", ""Time Detached Milli"": ""11628"", ""Time Disabled Milli"": ""0"", ""Time Leader Milli"": ""0"", ""Time Router Milli"": ""0"", ""Time Tracked Milli"": ""745000""}",,,,,,
265,746.0,1500.0,360.0,child,8001,f262a9a43b2cc780,8000,router_c,3,3,1,5,router_c,9002,f262a9a43b2cc780,0.0,0.0,0.0,0.0,1,1,0.0,9.0,9.0,9.0,otns_model_derived_at_ping,model_derived,1.0,-86.146,1,-86.146,1,746.0,False,True,MutualInterference,minimal_end_device,med,enabled,True,packet_probe,"{""RxFailed"": ""0"", ""RxSuccess"": ""334"", ""TxFailed"": ""7"", ""TxSuccess"": ""279""}","{""Attach Attempts"": ""2"", ""Better Parent Attach Attempts"": ""2"", ""Better Partition Attach Attempts"": ""0"", ""Parent Changes"": ""1"", ""Partition Id Changes"": ""1"", ""Role Child"": ""2"", ""Role Detached"": ""2"", ""Role Disabled"": ""0"", ""Role Leader"": ""0"", ""Role Router"": ""0"", ""Time Child Milli"": ""734372"", ""Time Detached Milli"": ""11628"", ""Time Disabled Milli"": ""0"", ""Time Leader Milli"": ""0"", ""Time Router Milli"": ""0"", ""Time Tracked Milli"": ""746000""}",,,,,,
266,747.0,1500.0,360.0,child,8001,f262a9a43b2cc780,8000,router_c,3,3,2,5,router_c,9002,f262a9a43b2cc780,0.0,0.0,0.0,0.0,1,1,0.0,8.0,8.0,8.0,otns_model_derived_at_ping,model_derived,1.0,-86.146,1,-86.146,1,747.0,False,True,MutualInterference,minimal_end_device,med,enabled,True,packet_probe,"{""RxFailed"": ""0"", ""RxSuccess"": ""335"", ""TxFailed"": ""7"", ""TxSuccess"": ""280""}","{""Attach Attempts"": ""2"", ""Better Parent Attach Attempts"": ""2"", ""Better Partition Attach Attempts"": ""0"", ""Parent Changes"": ""1"", ""Partition Id Changes"": ""1"", ""Role Child"": ""2"", ""Role Detached"": ""2"", ""Role Disabled"": ""0"", ""Role Leader"": ""0"", ""Role Router"": ""0"", ""Time Child Milli"": ""735372"", ""Time Detached Milli"": ""11628"", ""Time Disabled Milli"": ""0"", ""Time Leader Milli"": ""0"", ""Time Router Milli"": ""0"", ""Time Tracked Milli"": ""747000""}",,,,,,
267,748.0,1500.0,360.0,child,8001,f262a9a43b2cc780,8000,router_c,3,3,3,5,router_c,9002,f262a9a43b2cc780,0.0,0.0,0.0,0.0,1,1,0.0,5.0,5.0,5.0,otns_model_derived_at_ping,model_derived,1.0,-86.146,1,-86.146,1,748.0,False,True,MutualInterference,minimal_end_device,med,enabled,True,packet_probe,"{""RxFailed"": ""0"", ""RxSuccess"": ""336"", ""TxFailed"": ""7"", ""TxSuccess"": ""281""}","{""Attach Attempts"": ""2"", ""Better Parent Attach Attempts"": ""2"", ""Better Partition Attach Attempts"": ""0"", ""Parent Changes"": ""1"", ""Partition Id Changes"": ""1"", ""Role Child"": ""2"", ""Role Detached"": ""2"", ""Role Disabled"": ""0"", ""Role Leader"": ""0"", ""Role Router"": ""0"", ""Time Child Milli"": ""736372"", ""Time Detached Milli"": ""11628"", ""Time Disabled Milli"": ""0"", ""Time Leader Milli"": ""0"", ""Time Router Milli"": ""0"", ""Time Tracked Milli"": ""748000""}",,,,,,
268,749.0,1500.0,360.0,child,8001,f262a9a43b2cc780,8000,router_c,3,3,4,5,router_c,9002,f262a9a43b2cc780,0.0,0.0,0.0,0.0,1,1,0.0,5.0,5.0,5.0,otns_model_derived_at_ping,model_derived,1.0,-86.146,1,-86.146,1,749.0,False,True,MutualInterference,minimal_end_device,med,enabled,True,packet_probe,"{""RxFailed"": ""0"", ""RxSuccess"": ""337"", ""TxFailed"": ""7"", ""TxSuccess"": ""282""}","{""Attach Attempts"": ""2"", ""Better Parent Attach Attempts"": ""2"", ""Better Partition Attach Attempts"": ""0"", ""Parent Changes"": ""1"", ""Partition Id Changes"": ""1"", ""Role Child"": ""2"", ""Role Detached"": ""2"", ""Role Disabled"": ""0"", ""Role Leader"": ""0"", ""Role Router"": ""0"", ""Time Child Milli"": ""737372"", ""Time Detached Milli"": ""11628"", ""Time Disabled Milli"": ""0"", ""Time Leader Milli"": ""0"", ""Time Router Milli"": ""0"", ""Time Tracked Milli"": ""749000""}",,,,,,
269,750.0,1500.0,360.0,child,8001,f262a9a43b2cc780,8000,router_c,3,3,5,5,router_c,9002,f262a9a43b2cc780,0.0,0.0,0.0,0.0,1,1,0.0,5.0,5.0,5.0,otns_model_derived_at_ping,model_derived,1.0,-86.146,1,-86.146,1,750.0,False,True,MutualInterference,minimal_end_device,med,enabled,True,packet_probe,"{""RxFailed"": ""0"", ""RxSuccess"": ""338"", ""TxFailed"": ""7"", ""TxSuccess"": ""283""}","{""Attach Attempts"": ""2"", ""Better Parent Attach Attempts"": ""2"", ""Better Partition Attach Attempts"": ""0"", ""Parent Changes"": ""1"", ""Partition Id Changes"": ""1"", ""Role Child"": ""2"", ""Role Detached"": ""2"", ""Role Disabled"": ""0"", ""Role Leader"": ""0"", ""Role Router"": ""0"", ""Time Child Milli"": ""738372"", ""Time Detached Milli"": ""11628"", ""Time Disabled Milli"": ""0"", ""Time Leader Milli"": ""0"", ""Time Router Milli"": ""0"", ""Time Tracked Milli"": ""750000""}",,,,,,
270,751.0,1500.0,360.0,child,8001,f262a9a43b2cc780,8000,router_c,3,3,6,5,router_c,9002,f262a9a43b2cc780,0.0,0.0,0.0,0.0,1,1,0.0,7.0,7.0,7.0,otns_model_derived_at_ping,model_derived,1.0,-86.146,1,-86.146,1,751.0,False,True,MutualInterference,minimal_end_device,med,enabled,True,packet_probe,"{""RxFailed"": ""0"", ""RxSuccess"": ""339"", ""TxFailed"": ""7"", ""TxSuccess"": ""284""}","{""Attach Attempts"": ""2"", ""Better Parent Attach Attempts"": ""2"", ""Better Partition Attach Attempts"": ""0"", ""Parent Changes"": ""1"", ""Partition Id Changes"": ""1"", ""Role Child"": ""2"", ""Role Detached"": ""2"", ""Role Disabled"": ""0"", ""Role Leader"": ""0"", ""Role Router"": ""0"", ""Time Child Milli"": ""739372"", ""Time Detached Milli"": ""11628"", ""Time Disabled Milli"": ""0"", ""Time Leader Milli"": ""0"", ""Time Router Milli"": ""0"", ""Time Tracked Milli"": ""751000""}",,,,,,
271,752.0,1500.0,360.0,child,8001,f262a9a43b2cc780,8000,router_c,3,3,7,5,router_c,9002,f262a9a43b2cc780,0.0,0.0,0.0,0.0,1,1,0.0,7.0,7.0,7.0,otns_model_derived_at_ping,model_derived,1.0,-86.146,1,-86.146,1,752.0,False,True,MutualInterference,minimal_end_device,med,enabled,True,packet_probe,"{""RxFailed"": ""0"", ""RxSuccess"": ""340"", ""TxFailed"": ""7"", ""TxSuccess"": ""285""}","{""Attach Attempts"": ""2"", ""Better Parent Attach Attempts"": ""2"", ""Better Partition Attach Attempts"": ""0"", ""Parent Changes"": ""1"", ""Partition Id Changes"": ""1"", ""Role Child"": ""2"", ""Role Detached"": ""2"", ""Role Disabled"": ""0"", ""Role Leader"": ""0"", ""Role Router"": ""0"", ""Time Child Milli"": ""740372"", ""Time Detached Milli"": ""11628"", ""Time Disabled Milli"": ""0"", ""Time Leader Milli"": ""0"", ""Time Router Milli"": ""0"", ""Time Tracked Milli"": ""752000""}",,,,,,
272,753.0,1500.0,360.0,child,8001,f262a9a43b2cc780,8000,router_c,3,3,8,5,router_c,9002,f262a9a43b2cc780,0.0,0.0,0.0,0.0,1,1,0.0,10.0,10.0,10.0,otns_model_derived_at_ping,model_derived,1.0,-86.146,1,-86.146,1,753.0,False,True,MutualInterference,minimal_end_device,med,enabled,True,packet_probe,"{""RxFailed"": ""0"", ""RxSuccess"": ""341"", ""TxFailed"": ""7"", ""TxSuccess"": ""286""}","{""Attach Attempts"": ""2"", ""Better Parent Attach Attempts"": ""2"", ""Better Partition Attach Attempts"": ""0"", ""Parent Changes"": ""1"", ""Partition Id Changes"": ""1"", ""Role Child"": ""2"", ""Role Detached"": ""2"", ""Role Disabled"": ""0"", ""Role Leader"": ""0"", ""Role Router"": ""0"", ""Time Child Milli"": ""741372"", ""Time Detached Milli"": ""11628"", ""Time Disabled Milli"": ""0"", ""Time Leader Milli"": ""0"", ""Time Router Milli"": ""0"", ""Time Tracked Milli"": ""753000""}",,,,,,
273,754.0,1500.0,360.0,child,8001,f262a9a43b2cc780,8000,router_c,3,3,0,5,router_c,9002,f262a9a43b2cc780,0.0,0.0,0.0,0.0,1,1,0.0,9.0,9.0,9.0,otns_model_derived_at_ping,model_derived,1.0,-86.146,1,-86.146,1,754.0,False,True,MutualInterference,minimal_end_device,med,enabled,True,packet_probe,"{""RxFailed"": ""0"", ""RxSuccess"": ""343"", ""TxFailed"": ""7"", ""TxSuccess"": ""287""}","{""Attach Attempts"": ""2"", ""Better Parent Attach Attempts"": ""2"", ""Better Partition Attach Attempts"": ""0"", ""Parent Changes"": ""1"", ""Partition Id Changes"": ""1"", ""Role Child"": ""2"", ""Role Detached"": ""2"", ""Role Disabled"": ""0"", ""Role Leader"": ""0"", ""Role Router"": ""0"", ""Time Child Milli"": ""742372"", ""Time Detached Milli"": ""11628"", ""Time Disabled Milli"": ""0"", ""Time Leader Milli"": ""0"", ""Time Router Milli"": ""0"", ""Time Tracked Milli"": ""754000""}",,,,,,
274,755.0,1500.0,360.0,child,8001,f262a9a43b2cc780,8000,router_c,3,3,1,5,router_c,9002,f262a9a43b2cc780,0.0,0.0,0.0,0.0,1,1,0.0,10.0,10.0,10.0,otns_model_derived_at_ping,model_derived,1.0,-86.146,1,-86.146,1,755.0,False,True,MutualInterference,minimal_end_device,med,enabled,True,packet_probe,"{""RxFailed"": ""0"", ""RxSuccess"": ""344"", ""TxFailed"": ""7"", ""TxSuccess"": ""288""}","{""Attach Attempts"": ""2"", ""Better Parent Attach Attempts"": ""2"", ""Better Partition Attach Attempts"": ""0"", ""Parent Changes"": ""1"", ""Partition Id Changes"": ""1"", ""Role Child"": ""2"", ""Role Detached"": ""2"", ""Role Disabled"": ""0"", ""Role Leader"": ""0"", ""Role Router"": ""0"", ""Time Child Milli"": ""743372"", ""Time Detached Milli"": ""11628"", ""Time Disabled Milli"": ""0"", ""Time Leader Milli"": ""0"", ""Time Router Milli"": ""0"", ""Time Tracked Milli"": ""755000""}",,,,,,
275,756.0,1500.0,360.0,child,8001,f262a9a43b2cc780,8000,router_c,3,3,2,5,router_c,9002,f262a9a43b2cc780,0.0,0.0,0.0,0.0,1,1,0.0,6.0,6.0,6.0,otns_model_derived_at_ping,model_derived,1.0,-86.146,1,-86.146,1,756.0,False,True,MutualInterference,minimal_end_device,med,enabled,True,packet_probe,"{""RxFailed"": ""0"", ""RxSuccess"": ""345"", ""TxFailed"": ""7"", ""TxSuccess"": ""289""}","{""Attach Attempts"": ""2"", ""Better Parent Attach Attempts"": ""2"", ""Better Partition Attach Attempts"": ""0"", ""Parent Changes"": ""1"", ""Partition Id Changes"": ""1"", ""Role Child"": ""2"", ""Role Detached"": ""2"", ""Role Disabled"": ""0"", ""Role Leader"": ""0"", ""Role Router"": ""0"", ""Time Child Milli"": ""744372"", ""Time Detached Milli"": ""11628"", ""Time Disabled Milli"": ""0"", ""Time Leader Milli"": ""0"", ""Time Router Milli"": ""0"", ""Time Tracked Milli"": ""756000""}",,,,,,
276,757.0,1500.0,360.0,child,8001,f262a9a43b2cc780,8000,router_c,3,3,3,5,router_c,9002,f262a9a43b2cc780,0.0,0.0,0.0,0.0,1,1,0.0,7.0,7.0,7.0,otns_model_derived_at_ping,model_derived,1.0,-86.146,1,-86.146,1,757.0,False,True,MutualInterference,minimal_end_device,med,enabled,True,packet_probe,"{""RxFailed"": ""0"", ""RxSuccess"": ""346"", ""TxFailed"": ""7"", ""TxSuccess"": ""290""}","{""Attach Attempts"": ""2"", ""Better Parent Attach Attempts"": ""2"", ""Better Partition Attach Attempts"": ""0"", ""Parent Changes"": ""1"", ""Partition Id Changes"": ""1"", ""Role Child"": ""2"", ""Role Detached"": ""2"", ""Role Disabled"": ""0"", ""Role Leader"": ""0"", ""Role Router"": ""0"", ""Time Child Milli"": ""745372"", ""Time Detached Milli"": ""11628"", ""Time Disabled Milli"": ""0"", ""Time Leader Milli"": ""0"", ""Time Router Milli"": ""0"", ""Time Tracked Milli"": ""757000""}",,,,,,
277,758.0,1500.0,360.0,child,8001,f262a9a43b2cc780,8000,router_c,3,3,4,5,router_c,9002,f262a9a43b2cc780,0.0,0.0,0.0,0.0,1,1,0.0,6.0,6.0,6.0,otns_model_derived_at_ping,model_derived,1.0,-86.146,1,-86.146,1,758.0,False,True,MutualInterference,minimal_end_device,med,enabled,True,packet_probe,"{""RxFailed"": ""0"", ""RxSuccess"": ""347"", ""TxFailed"": ""7"", ""TxSuccess"": ""291""}","{""Attach Attempts"": ""2"", ""Better Parent Attach Attempts"": ""2"", ""Better Partition Attach Attempts"": ""0"", ""Parent Changes"": ""1"", ""Partition Id Changes"": ""1"", ""Role Child"": ""2"", ""Role Detached"": ""2"", ""Role Disabled"": ""0"", ""Role Leader"": ""0"", ""Role Router"": ""0"", ""Time Child Milli"": ""746372"", ""Time Detached Milli"": ""11628"", ""Time Disabled Milli"": ""0"", ""Time Leader Milli"": ""0"", ""Time Router Milli"": ""0"", ""Time Tracked Milli"": ""758000""}",,,,,,
278,759.0,1500.0,360.0,child,8001,f262a9a43b2cc780,8000,router_c,3,3,5,5,router_c,9002,f262a9a43b2cc780,0.0,0.0,0.0,0.0,1,1,0.0,11.0,11.0,11.0,otns_model_derived_at_ping,model_derived,1.0,-86.146,1,-86.146,1,759.0,False,True,MutualInterference,minimal_end_device,med,enabled,True,packet_probe,"{""RxFailed"": ""0"", ""RxSuccess"": ""349"", ""TxFailed"": ""7"", ""TxSuccess"": ""293""}","{""Attach Attempts"": ""2"", ""Better Parent Attach Attempts"": ""2"", ""Better Partition Attach Attempts"": ""0"", ""Parent Changes"": ""1"", ""Partition Id Changes"": ""1"", ""Role Child"": ""2"", ""Role Detached"": ""2"", ""Role Disabled"": ""0"", ""Role Leader"": ""0"", ""Role Router"": ""0"", ""Time Child Milli"": ""747372"", ""Time Detached Milli"": ""11628"", ""Time Disabled Milli"": ""0"", ""Time Leader Milli"": ""0"", ""Time Router Milli"": ""0"", ""Time Tracked Milli"": ""759000""}",,,,,,
279,760.0,1500.0,360.0,child,8001,f262a9a43b2cc780,8000,router_c,3,3,6,5,router_c,9002,f262a9a43b2cc780,0.0,0.0,0.0,0.0,1,1,0.0,7.0,7.0,7.0,otns_model_derived_at_ping,model_derived,1.0,-86.146,1,-86.146,1,760.0,False,True,MutualInterference,minimal_end_device,med,enabled,True,packet_probe,"{""RxFailed"": ""0"", ""RxSuccess"": ""350"", ""TxFailed"": ""7"", ""TxSuccess"": ""294""}","{""Attach Attempts"": ""2"", ""Better Parent Attach Attempts"": ""2"", ""Better Partition Attach Attempts"": ""0"", ""Parent Changes"": ""1"", ""Partition Id Changes"": ""1"", ""Role Child"": ""2"", ""Role Detached"": ""2"", ""Role Disabled"": ""0"", ""Role Leader"": ""0"", ""Role Router"": ""0"", ""Time Child Milli"": ""748372"", ""Time Detached Milli"": ""11628"", ""Time Disabled Milli"": ""0"", ""Time Leader Milli"": ""0"", ""Time Router Milli"": ""0"", ""Time Tracked Milli"": ""760000""}",,,,,,
280,761.0,1500.0,360.0,child,8001,f262a9a43b2cc780,8000,router_c,3,3,7,5,router_c,9002,f262a9a43b2cc780,0.0,0.0,0.0,0.0,1,1,0.0,6.0,6.0,6.0,otns_model_derived_at_ping,model_derived,1.0,-86.146,1,-86.146,1,761.0,False,True,MutualInterference,minimal_end_device,med,enabled,True,packet_probe,"{""RxFailed"": ""0"", ""RxSuccess"": ""351"", ""TxFailed"": ""7"", ""TxSuccess"": ""295""}","{""Attach Attempts"": ""2"", ""Better Parent Attach Attempts"": ""2"", ""Better Partition Attach Attempts"": ""0"", ""Parent Changes"": ""1"", ""Partition Id Changes"": ""1"", ""Role Child"": ""2"", ""Role Detached"": ""2"", ""Role Disabled"": ""0"", ""Role Leader"": ""0"", ""Role Router"": ""0"", ""Time Child Milli"": ""749372"", ""Time Detached Milli"": ""11628"", ""Time Disabled Milli"": ""0"", ""Time Leader Milli"": ""0"", ""Time Router Milli"": ""0"", ""Time Tracked Milli"": ""761000""}",,,,,,
281,762.0,1500.0,360.0,child,8001,f262a9a43b2cc780,8000,router_c,3,3,8,5,router_c,9002,f262a9a43b2cc780,0.0,0.0,0.0,0.0,1,1,0.0,7.0,7.0,7.0,otns_model_derived_at_ping,model_derived,1.0,-86.146,1,-86.146,1,762.0,False,True,MutualInterference,minimal_end_device,med,enabled,True,packet_probe,"{""RxFailed"": ""0"", ""RxSuccess"": ""352"", ""TxFailed"": ""7"", ""TxSuccess"": ""296""}","{""Attach Attempts"": ""2"", ""Better Parent Attach Attempts"": ""2"", ""Better Partition Attach Attempts"": ""0"", ""Parent Changes"": ""1"", ""Partition Id Changes"": ""1"", ""Role Child"": ""2"", ""Role Detached"": ""2"", ""Role Disabled"": ""0"", ""Role Leader"": ""0"", ""Role Router"": ""0"", ""Time Child Milli"": ""750372"", ""Time Detached Milli"": ""11628"", ""Time Disabled Milli"": ""0"", ""Time Leader Milli"": ""0"", ""Time Router Milli"": ""0"", ""Time Tracked Milli"": ""762000""}",,,,,,
282,763.0,1500.0,360.0,child,8001,f262a9a43b2cc780,8000,router_c,3,3,9,5,router_c,9002,f262a9a43b2cc780,0.0,0.0,0.0,0.0,1,1,0.0,9.0,9.0,9.0,otns_model_derived_at_ping,model_derived,1.0,-86.146,1,-86.146,1,763.0,False,True,MutualInterference,minimal_end_device,med,enabled,True,packet_probe,"{""RxFailed"": ""0"", ""RxSuccess"": ""353"", ""TxFailed"": ""7"", ""TxSuccess"": ""297""}","{""Attach Attempts"": ""2"", ""Better Parent Attach Attempts"": ""2"", ""Better Partition Attach Attempts"": ""0"", ""Parent Changes"": ""1"", ""Partition Id Changes"": ""1"", ""Role Child"": ""2"", ""Role Detached"": ""2"", ""Role Disabled"": ""0"", ""Role Leader"": ""0"", ""Role Router"": ""0"", ""Time Child Milli"": ""751372"", ""Time Detached Milli"": ""11628"", ""Time Disabled Milli"": ""0"", ""Time Leader Milli"": ""0"", ""Time Router Milli"": ""0"", ""Time Tracked Milli"": ""763000""}",,,,,,
283,764.0,1500.0,360.0,child,8001,f262a9a43b2cc780,8000,router_c,3,3,10,5,router_c,9002,f262a9a43b2cc780,0.0,0.0,0.0,0.0,1,1,0.0,6.0,6.0,6.0,otns_model_derived_at_ping,model_derived,1.0,-86.146,1,-86.146,1,764.0,False,True,MutualInterference,minimal_end_device,med,enabled,True,packet_probe,"{""RxFailed"": ""0"", ""RxSuccess"": ""354"", ""TxFailed"": ""7"", ""TxSuccess"": ""298""}","{""Attach Attempts"": ""2"", ""Better Parent Attach Attempts"": ""2"", ""Better Partition Attach Attempts"": ""0"", ""Parent Changes"": ""1"", ""Partition Id Changes"": ""1"", ""Role Child"": ""2"", ""Role Detached"": ""2"", ""Role Disabled"": ""0"", ""Role Leader"": ""0"", ""Role Router"": ""0"", ""Time Child Milli"": ""752372"", ""Time Detached Milli"": ""11628"", ""Time Disabled Milli"": ""0"", ""Time Leader Milli"": ""0"", ""Time Router Milli"": ""0"", ""Time Tracked Milli"": ""764000""}",,,,,,
284,765.0,1500.0,360.0,child,8001,f262a9a43b2cc780,8000,router_c,3,3,11,5,router_c,9002,f262a9a43b2cc780,0.0,0.0,0.0,0.0,1,1,0.0,11.0,11.0,11.0,otns_model_derived_at_ping,model_derived,1.0,-86.146,1,-86.146,1,765.0,False,True,MutualInterference,minimal_end_device,med,enabled,True,packet_probe,"{""RxFailed"": ""0"", ""RxSuccess"": ""355"", ""TxFailed"": ""7"", ""TxSuccess"": ""299""}","{""Attach Attempts"": ""2"", ""Better Parent Attach Attempts"": ""2"", ""Better Partition Attach Attempts"": ""0"", ""Parent Changes"": ""1"", ""Partition Id Changes"": ""1"", ""Role Child"": ""2"", ""Role Detached"": ""2"", ""Role Disabled"": ""0"", ""Role Leader"": ""0"", ""Role Router"": ""0"", ""Time Child Milli"": ""753372"", ""Time Detached Milli"": ""11628"", ""Time Disabled Milli"": ""0"", ""Time Leader Milli"": ""0"", ""Time Router Milli"": ""0"", ""Time Tracked Milli"": ""765000""}",,,,,,
285,766.0,1500.0,360.0,child,8001,f262a9a43b2cc780,8000,router_c,3,3,12,5,router_c,9002,f262a9a43b2cc780,0.0,0.0,0.0,0.0,1,1,0.0,7.0,7.0,7.0,otns_model_derived_at_ping,model_derived,1.0,-86.146,1,-86.146,1,766.0,False,True,MutualInterference,minimal_end_device,med,enabled,True,packet_probe,"{""RxFailed"": ""0"", ""RxSuccess"": ""356"", ""TxFailed"": ""7"", ""TxSuccess"": ""300""}","{""Attach Attempts"": ""2"", ""Better Parent Attach Attempts"": ""2"", ""Better Partition Attach Attempts"": ""0"", ""Parent Changes"": ""1"", ""Partition Id Changes"": ""1"", ""Role Child"": ""2"", ""Role Detached"": ""2"", ""Role Disabled"": ""0"", ""Role Leader"": ""0"", ""Role Router"": ""0"", ""Time Child Milli"": ""754372"", ""Time Detached Milli"": ""11628"", ""Time Disabled Milli"": ""0"", ""Time Leader Milli"": ""0"", ""Time Router Milli"": ""0"", ""Time Tracked Milli"": ""766000""}",,,,,,
286,767.0,1500.0,360.0,child,8001,f262a9a43b2cc780,8000,router_c,3,3,0,5,router_c,9002,f262a9a43b2cc780,0.0,0.0,0.0,0.0,1,1,0.0,7.0,7.0,7.0,otns_model_derived_at_ping,model_derived,1.0,-86.146,1,-86.146,1,767.0,False,True,MutualInterference,minimal_end_device,med,enabled,True,packet_probe,"{""RxFailed"": ""0"", ""RxSuccess"": ""358"", ""TxFailed"": ""7"", ""TxSuccess"": ""301""}","{""Attach Attempts"": ""2"", ""Better Parent Attach Attempts"": ""2"", ""Better Partition Attach Attempts"": ""0"", ""Parent Changes"": ""1"", ""Partition Id Changes"": ""1"", ""Role Child"": ""2"", ""Role Detached"": ""2"", ""Role Disabled"": ""0"", ""Role Leader"": ""0"", ""Role Router"": ""0"", ""Time Child Milli"": ""755372"", ""Time Detached Milli"": ""11628"", ""Time Disabled Milli"": ""0"", ""Time Leader Milli"": ""0"", ""Time Router Milli"": ""0"", ""Time Tracked Milli"": ""767000""}",,,,,,
287,768.0,1500.0,360.0,child,8001,f262a9a43b2cc780,8000,router_c,3,3,1,5,router_c,9002,f262a9a43b2cc780,0.0,0.0,0.0,0.0,1,1,0.0,8.0,8.0,8.0,otns_model_derived_at_ping,model_derived,1.0,-86.146,1,-86.146,1,768.0,False,True,MutualInterference,minimal_end_device,med,enabled,True,packet_probe,"{""RxFailed"": ""0"", ""RxSuccess"": ""359"", ""TxFailed"": ""7"", ""TxSuccess"": ""302""}","{""Attach Attempts"": ""2"", ""Better Parent Attach Attempts"": ""2"", ""Better Partition Attach Attempts"": ""0"", ""Parent Changes"": ""1"", ""Partition Id Changes"": ""1"", ""Role Child"": ""2"", ""Role Detached"": ""2"", ""Role Disabled"": ""0"", ""Role Leader"": ""0"", ""Role Router"": ""0"", ""Time Child Milli"": ""756372"", ""Time Detached Milli"": ""11628"", ""Time Disabled Milli"": ""0"", ""Time Leader Milli"": ""0"", ""Time Router Milli"": ""0"", ""Time Tracked Milli"": ""768000""}",,,,,,
288,769.0,1500.0,360.0,child,8001,f262a9a43b2cc780,8000,router_c,3,3,2,5,router_c,9002,f262a9a43b2cc780,0.0,0.0,0.0,0.0,1,1,0.0,8.0,8.0,8.0,otns_model_derived_at_ping,model_derived,1.0,-86.146,1,-86.146,1,769.0,False,True,MutualInterference,minimal_end_device,med,enabled,True,packet_probe,"{""RxFailed"": ""0"", ""RxSuccess"": ""360"", ""TxFailed"": ""7"", ""TxSuccess"": ""303""}","{""Attach Attempts"": ""2"", ""Better Parent Attach Attempts"": ""2"", ""Better Partition Attach Attempts"": ""0"", ""Parent Changes"": ""1"", ""Partition Id Changes"": ""1"", ""Role Child"": ""2"", ""Role Detached"": ""2"", ""Role Disabled"": ""0"", ""Role Leader"": ""0"", ""Role Router"": ""0"", ""Time Child Milli"": ""757372"", ""Time Detached Milli"": ""11628"", ""Time Disabled Milli"": ""0"", ""Time Leader Milli"": ""0"", ""Time Router Milli"": ""0"", ""Time Tracked Milli"": ""769000""}",,,,,,
289,770.0,1500.0,360.0,child,8001,f262a9a43b2cc780,8000,router_c,3,3,3,5,router_c,9002,f262a9a43b2cc780,0.0,0.0,0.0,0.0,1,1,0.0,6.0,6.0,6.0,otns_model_derived_at_ping,model_derived,1.0,-86.146,1,-86.146,1,770.0,False,True,MutualInterference,minimal_end_device,med,enabled,True,packet_probe,"{""RxFailed"": ""0"", ""RxSuccess"": ""361"", ""TxFailed"": ""7"", ""TxSuccess"": ""304""}","{""Attach Attempts"": ""2"", ""Better Parent Attach Attempts"": ""2"", ""Better Partition Attach Attempts"": ""0"", ""Parent Changes"": ""1"", ""Partition Id Changes"": ""1"", ""Role Child"": ""2"", ""Role Detached"": ""2"", ""Role Disabled"": ""0"", ""Role Leader"": ""0"", ""Role Router"": ""0"", ""Time Child Milli"": ""758372"", ""Time Detached Milli"": ""11628"", ""Time Disabled Milli"": ""0"", ""Time Leader Milli"": ""0"", ""Time Router Milli"": ""0"", ""Time Tracked Milli"": ""770000""}",,,,,,
290,771.0,1500.0,360.0,child,8001,f262a9a43b2cc780,8000,router_c,3,3,4,5,router_c,9002,f262a9a43b2cc780,0.0,0.0,0.0,0.0,1,1,0.0,5.0,5.0,5.0,otns_model_derived_at_ping,model_derived,1.0,-86.146,1,-86.146,1,771.0,False,True,MutualInterference,minimal_end_device,med,enabled,True,packet_probe,"{""RxFailed"": ""0"", ""RxSuccess"": ""362"", ""TxFailed"": ""7"", ""TxSuccess"": ""305""}","{""Attach Attempts"": ""2"", ""Better Parent Attach Attempts"": ""2"", ""Better Partition Attach Attempts"": ""0"", ""Parent Changes"": ""1"", ""Partition Id Changes"": ""1"", ""Role Child"": ""2"", ""Role Detached"": ""2"", ""Role Disabled"": ""0"", ""Role Leader"": ""0"", ""Role Router"": ""0"", ""Time Child Milli"": ""759372"", ""Time Detached Milli"": ""11628"", ""Time Disabled Milli"": ""0"", ""Time Leader Milli"": ""0"", ""Time Router Milli"": ""0"", ""Time Tracked Milli"": ""771000""}",,,,,,
291,772.0,1500.0,360.0,child,8001,f262a9a43b2cc780,8000,router_c,3,3,5,5,router_c,9002,f262a9a43b2cc780,0.0,0.0,0.0,0.0,1,1,0.0,7.0,7.0,7.0,otns_model_derived_at_ping,model_derived,1.0,-86.146,1,-86.146,1,772.0,False,True,MutualInterference,minimal_end_device,med,enabled,True,packet_probe,"{""RxFailed"": ""0"", ""RxSuccess"": ""363"", ""TxFailed"": ""7"", ""TxSuccess"": ""306""}","{""Attach Attempts"": ""2"", ""Better Parent Attach Attempts"": ""2"", ""Better Partition Attach Attempts"": ""0"", ""Parent Changes"": ""1"", ""Partition Id Changes"": ""1"", ""Role Child"": ""2"", ""Role Detached"": ""2"", ""Role Disabled"": ""0"", ""Role Leader"": ""0"", ""Role Router"": ""0"", ""Time Child Milli"": ""760372"", ""Time Detached Milli"": ""11628"", ""Time Disabled Milli"": ""0"", ""Time Leader Milli"": ""0"", ""Time Router Milli"": ""0"", ""Time Tracked Milli"": ""772000""}",,,,,,
292,773.0,1500.0,360.0,child,8001,f262a9a43b2cc780,8000,router_c,3,3,6,5,router_c,9002,f262a9a43b2cc780,0.0,0.0,0.0,0.0,1,1,0.0,8.0,8.0,8.0,otns_model_derived_at_ping,model_derived,1.0,-86.146,1,-86.146,1,773.0,False,True,MutualInterference,minimal_end_device,med,enabled,True,packet_probe,"{""RxFailed"": ""0"", ""RxSuccess"": ""364"", ""TxFailed"": ""7"", ""TxSuccess"": ""307""}","{""Attach Attempts"": ""2"", ""Better Parent Attach Attempts"": ""2"", ""Better Partition Attach Attempts"": ""0"", ""Parent Changes"": ""1"", ""Partition Id Changes"": ""1"", ""Role Child"": ""2"", ""Role Detached"": ""2"", ""Role Disabled"": ""0"", ""Role Leader"": ""0"", ""Role Router"": ""0"", ""Time Child Milli"": ""761372"", ""Time Detached Milli"": ""11628"", ""Time Disabled Milli"": ""0"", ""Time Leader Milli"": ""0"", ""Time Router Milli"": ""0"", ""Time Tracked Milli"": ""773000""}",,,,,,
293,774.0,1500.0,360.0,child,8001,f262a9a43b2cc780,8000,router_c,3,3,7,5,router_c,9002,f262a9a43b2cc780,0.0,0.0,0.0,0.0,1,1,0.0,9.0,9.0,9.0,otns_model_derived_at_ping,model_derived,1.0,-86.146,1,-86.146,1,774.0,False,True,MutualInterference,minimal_end_device,med,enabled,True,packet_probe,"{""RxFailed"": ""0"", ""RxSuccess"": ""365"", ""TxFailed"": ""7"", ""TxSuccess"": ""308""}","{""Attach Attempts"": ""2"", ""Better Parent Attach Attempts"": ""2"", ""Better Partition Attach Attempts"": ""0"", ""Parent Changes"": ""1"", ""Partition Id Changes"": ""1"", ""Role Child"": ""2"", ""Role Detached"": ""2"", ""Role Disabled"": ""0"", ""Role Leader"": ""0"", ""Role Router"": ""0"", ""Time Child Milli"": ""762372"", ""Time Detached Milli"": ""11628"", ""Time Disabled Milli"": ""0"", ""Time Leader Milli"": ""0"", ""Time Router Milli"": ""0"", ""Time Tracked Milli"": ""774000""}",,,,,,
294,775.0,1500.0,360.0,child,8001,f262a9a43b2cc780,8000,router_c,3,3,8,5,router_c,9002,f262a9a43b2cc780,0.0,0.0,0.0,0.0,1,1,0.0,6.0,6.0,6.0,otns_model_derived_at_ping,model_derived,1.0,-86.146,1,-86.146,1,775.0,False,True,MutualInterference,minimal_end_device,med,enabled,True,packet_probe,"{""RxFailed"": ""0"", ""RxSuccess"": ""366"", ""TxFailed"": ""7"", ""TxSuccess"": ""309""}","{""Attach Attempts"": ""2"", ""Better Parent Attach Attempts"": ""2"", ""Better Partition Attach Attempts"": ""0"", ""Parent Changes"": ""1"", ""Partition Id Changes"": ""1"", ""Role Child"": ""2"", ""Role Detached"": ""2"", ""Role Disabled"": ""0"", ""Role Leader"": ""0"", ""Role Router"": ""0"", ""Time Child Milli"": ""763372"", ""Time Detached Milli"": ""11628"", ""Time Disabled Milli"": ""0"", ""Time Leader Milli"": ""0"", ""Time Router Milli"": ""0"", ""Time Tracked Milli"": ""775000""}",,,,,,
295,776.0,1500.0,360.0,child,8001,f262a9a43b2cc780,8000,router_c,3,3,9,5,router_c,9002,f262a9a43b2cc780,0.0,0.0,0.0,0.0,1,1,0.0,7.0,7.0,7.0,otns_model_derived_at_ping,model_derived,1.0,-86.146,1,-86.146,1,776.0,False,True,MutualInterference,minimal_end_device,med,enabled,True,packet_probe,"{""RxFailed"": ""0"", ""RxSuccess"": ""367"", ""TxFailed"": ""7"", ""TxSuccess"": ""310""}","{""Attach Attempts"": ""2"", ""Better Parent Attach Attempts"": ""2"", ""Better Partition Attach Attempts"": ""0"", ""Parent Changes"": ""1"", ""Partition Id Changes"": ""1"", ""Role Child"": ""2"", ""Role Detached"": ""2"", ""Role Disabled"": ""0"", ""Role Leader"": ""0"", ""Role Router"": ""0"", ""Time Child Milli"": ""764372"", ""Time Detached Milli"": ""11628"", ""Time Disabled Milli"": ""0"", ""Time Leader Milli"": ""0"", ""Time Router Milli"": ""0"", ""Time Tracked Milli"": ""776000""}",,,,,,
296,777.0,1500.0,360.0,child,8001,f262a9a43b2cc780,8000,router_c,3,3,10,5,router_c,9002,f262a9a43b2cc780,0.0,0.0,0.0,0.0,1,1,0.0,5.0,5.0,5.0,otns_model_derived_at_ping,model_derived,1.0,-86.146,1,-86.146,1,777.0,False,True,MutualInterference,minimal_end_device,med,enabled,True,packet_probe,"{""RxFailed"": ""0"", ""RxSuccess"": ""368"", ""TxFailed"": ""7"", ""TxSuccess"": ""311""}","{""Attach Attempts"": ""2"", ""Better Parent Attach Attempts"": ""2"", ""Better Partition Attach Attempts"": ""0"", ""Parent Changes"": ""1"", ""Partition Id Changes"": ""1"", ""Role Child"": ""2"", ""Role Detached"": ""2"", ""Role Disabled"": ""0"", ""Role Leader"": ""0"", ""Role Router"": ""0"", ""Time Child Milli"": ""765372"", ""Time Detached Milli"": ""11628"", ""Time Disabled Milli"": ""0"", ""Time Leader Milli"": ""0"", ""Time Router Milli"": ""0"", ""Time Tracked Milli"": ""777000""}",,,,,,
297,778.0,1500.0,360.0,child,8001,f262a9a43b2cc780,8000,router_c,3,3,11,5,router_c,9002,f262a9a43b2cc780,0.0,0.0,0.0,0.0,1,1,0.0,7.0,7.0,7.0,otns_model_derived_at_ping,model_derived,1.0,-86.146,1,-86.146,1,778.0,False,True,MutualInterference,minimal_end_device,med,enabled,True,packet_probe,"{""RxFailed"": ""0"", ""RxSuccess"": ""369"", ""TxFailed"": ""7"", ""TxSuccess"": ""312""}","{""Attach Attempts"": ""2"", ""Better Parent Attach Attempts"": ""2"", ""Better Partition Attach Attempts"": ""0"", ""Parent Changes"": ""1"", ""Partition Id Changes"": ""1"", ""Role Child"": ""2"", ""Role Detached"": ""2"", ""Role Disabled"": ""0"", ""Role Leader"": ""0"", ""Role Router"": ""0"", ""Time Child Milli"": ""766372"", ""Time Detached Milli"": ""11628"", ""Time Disabled Milli"": ""0"", ""Time Leader Milli"": ""0"", ""Time Router Milli"": ""0"", ""Time Tracked Milli"": ""778000""}",,,,,,
298,779.0,1500.0,360.0,child,8001,f262a9a43b2cc780,8000,router_c,3,3,12,5,router_c,9002,f262a9a43b2cc780,0.0,0.0,0.0,0.0,1,1,0.0,7.0,7.0,7.0,otns_model_derived_at_ping,model_derived,1.0,-86.146,1,-86.146,1,779.0,False,True,MutualInterference,minimal_end_device,med,enabled,True,packet_probe,"{""RxFailed"": ""0"", ""RxSuccess"": ""370"", ""TxFailed"": ""7"", ""TxSuccess"": ""313""}","{""Attach Attempts"": ""2"", ""Better Parent Attach Attempts"": ""2"", ""Better Partition Attach Attempts"": ""0"", ""Parent Changes"": ""1"", ""Partition Id Changes"": ""1"", ""Role Child"": ""2"", ""Role Detached"": ""2"", ""Role Disabled"": ""0"", ""Role Leader"": ""0"", ""Role Router"": ""0"", ""Time Child Milli"": ""767372"", ""Time Detached Milli"": ""11628"", ""Time Disabled Milli"": ""0"", ""Time Leader Milli"": ""0"", ""Time Router Milli"": ""0"", ""Time Tracked Milli"": ""779000""}",,,,,,
299,780.0,1500.0,360.0,child,8001,f262a9a43b2cc780,8000,router_c,3,3,0,5,router_c,9002,f262a9a43b2cc780,0.0,0.0,0.0,0.0,1,1,0.0,6.0,6.0,6.0,otns_model_derived_at_ping,model_derived,1.0,-86.146,1,-86.146,1,780.0,False,True,MutualInterference,minimal_end_device,med,enabled,True,packet_probe,"{""RxFailed"": ""0"", ""RxSuccess"": ""372"", ""TxFailed"": ""7"", ""TxSuccess"": ""314""}","{""Attach Attempts"": ""2"", ""Better Parent Attach Attempts"": ""2"", ""Better Partition Attach Attempts"": ""0"", ""Parent Changes"": ""1"", ""Partition Id Changes"": ""1"", ""Role Child"": ""2"", ""Role Detached"": ""2"", ""Role Disabled"": ""0"", ""Role Leader"": ""0"", ""Role Router"": ""0"", ""Time Child Milli"": ""768372"", ""Time Detached Milli"": ""11628"", ""Time Disabled Milli"": ""0"", ""Time Leader Milli"": ""0"", ""Time Router Milli"": ""0"", ""Time Tracked Milli"": ""780000""}",,,,,,
300,781.0,1500.0,360.0,child,8001,f262a9a43b2cc780,8000,router_c,3,3,1,5,router_c,9002,f262a9a43b2cc780,0.0,0.0,0.0,0.0,1,1,0.0,6.0,6.0,6.0,otns_model_derived_at_ping,model_derived,1.0,-86.146,1,-86.146,1,781.0,False,True,MutualInterference,minimal_end_device,med,enabled,True,packet_probe,"{""RxFailed"": ""0"", ""RxSuccess"": ""373"", ""TxFailed"": ""7"", ""TxSuccess"": ""315""}","{""Attach Attempts"": ""2"", ""Better Parent Attach Attempts"": ""2"", ""Better Partition Attach Attempts"": ""0"", ""Parent Changes"": ""1"", ""Partition Id Changes"": ""1"", ""Role Child"": ""2"", ""Role Detached"": ""2"", ""Role Disabled"": ""0"", ""Role Leader"": ""0"", ""Role Router"": ""0"", ""Time Child Milli"": ""769372"", ""Time Detached Milli"": ""11628"", ""Time Disabled Milli"": ""0"", ""Time Leader Milli"": ""0"", ""Time Router Milli"": ""0"", ""Time Tracked Milli"": ""781000""}",,,,,,
301,782.0,1500.0,360.0,child,8001,f262a9a43b2cc780,8000,router_c,3,3,2,5,router_c,9002,f262a9a43b2cc780,0.0,0.0,0.0,0.0,1,1,0.0,6.0,6.0,6.0,otns_model_derived_at_ping,model_derived,1.0,-86.146,1,-86.146,1,782.0,False,True,MutualInterference,minimal_end_device,med,enabled,True,packet_probe,"{""RxFailed"": ""0"", ""RxSuccess"": ""374"", ""TxFailed"": ""7"", ""TxSuccess"": ""316""}","{""Attach Attempts"": ""2"", ""Better Parent Attach Attempts"": ""2"", ""Better Partition Attach Attempts"": ""0"", ""Parent Changes"": ""1"", ""Partition Id Changes"": ""1"", ""Role Child"": ""2"", ""Role Detached"": ""2"", ""Role Disabled"": ""0"", ""Role Leader"": ""0"", ""Role Router"": ""0"", ""Time Child Milli"": ""770372"", ""Time Detached Milli"": ""11628"", ""Time Disabled Milli"": ""0"", ""Time Leader Milli"": ""0"", ""Time Router Milli"": ""0"", ""Time Tracked Milli"": ""782000""}",,,,,,
302,783.0,1500.0,360.0,child,8001,f262a9a43b2cc780,8000,router_c,3,3,3,5,router_c,9002,f262a9a43b2cc780,0.0,0.0,0.0,0.0,1,1,0.0,9.0,9.0,9.0,otns_model_derived_at_ping,model_derived,1.0,-86.146,1,-86.146,1,783.0,False,True,MutualInterference,minimal_end_device,med,enabled,True,packet_probe,"{""RxFailed"": ""0"", ""RxSuccess"": ""375"", ""TxFailed"": ""7"", ""TxSuccess"": ""317""}","{""Attach Attempts"": ""2"", ""Better Parent Attach Attempts"": ""2"", ""Better Partition Attach Attempts"": ""0"", ""Parent Changes"": ""1"", ""Partition Id Changes"": ""1"", ""Role Child"": ""2"", ""Role Detached"": ""2"", ""Role Disabled"": ""0"", ""Role Leader"": ""0"", ""Role Router"": ""0"", ""Time Child Milli"": ""771372"", ""Time Detached Milli"": ""11628"", ""Time Disabled Milli"": ""0"", ""Time Leader Milli"": ""0"", ""Time Router Milli"": ""0"", ""Time Tracked Milli"": ""783000""}",,,,,,
303,784.0,1500.0,360.0,child,8001,f262a9a43b2cc780,8000,router_c,3,3,4,5,router_c,9002,f262a9a43b2cc780,0.0,0.0,0.0,0.0,1,1,0.0,6.0,6.0,6.0,otns_model_derived_at_ping,model_derived,1.0,-86.146,1,-86.146,1,784.0,False,True,MutualInterference,minimal_end_device,med,enabled,True,packet_probe,"{""RxFailed"": ""0"", ""RxSuccess"": ""376"", ""TxFailed"": ""7"", ""TxSuccess"": ""318""}","{""Attach Attempts"": ""2"", ""Better Parent Attach Attempts"": ""2"", ""Better Partition Attach Attempts"": ""0"", ""Parent Changes"": ""1"", ""Partition Id Changes"": ""1"", ""Role Child"": ""2"", ""Role Detached"": ""2"", ""Role Disabled"": ""0"", ""Role Leader"": ""0"", ""Role Router"": ""0"", ""Time Child Milli"": ""772372"", ""Time Detached Milli"": ""11628"", ""Time Disabled Milli"": ""0"", ""Time Leader Milli"": ""0"", ""Time Router Milli"": ""0"", ""Time Tracked Milli"": ""784000""}",,,,,,
304,785.0,1500.0,360.0,child,8001,f262a9a43b2cc780,8000,router_c,3,3,5,5,router_c,9002,f262a9a43b2cc780,0.0,0.0,0.0,0.0,1,1,0.0,7.0,7.0,7.0,otns_model_derived_at_ping,model_derived,1.0,-86.146,1,-86.146,1,785.0,False,True,MutualInterference,minimal_end_device,med,enabled,True,packet_probe,"{""RxFailed"": ""0"", ""RxSuccess"": ""377"", ""TxFailed"": ""7"", ""TxSuccess"": ""319""}","{""Attach Attempts"": ""2"", ""Better Parent Attach Attempts"": ""2"", ""Better Partition Attach Attempts"": ""0"", ""Parent Changes"": ""1"", ""Partition Id Changes"": ""1"", ""Role Child"": ""2"", ""Role Detached"": ""2"", ""Role Disabled"": ""0"", ""Role Leader"": ""0"", ""Role Router"": ""0"", ""Time Child Milli"": ""773372"", ""Time Detached Milli"": ""11628"", ""Time Disabled Milli"": ""0"", ""Time Leader Milli"": ""0"", ""Time Router Milli"": ""0"", ""Time Tracked Milli"": ""785000""}",,,,,,
305,786.0,1500.0,360.0,child,8001,f262a9a43b2cc780,8000,router_c,3,3,6,5,router_c,9002,f262a9a43b2cc780,0.0,0.0,0.0,0.0,1,1,0.0,8.0,8.0,8.0,otns_model_derived_at_ping,model_derived,1.0,-86.146,1,-86.146,1,786.0,False,True,MutualInterference,minimal_end_device,med,enabled,True,packet_probe,"{""RxFailed"": ""0"", ""RxSuccess"": ""378"", ""TxFailed"": ""7"", ""TxSuccess"": ""320""}","{""Attach Attempts"": ""2"", ""Better Parent Attach Attempts"": ""2"", ""Better Partition Attach Attempts"": ""0"", ""Parent Changes"": ""1"", ""Partition Id Changes"": ""1"", ""Role Child"": ""2"", ""Role Detached"": ""2"", ""Role Disabled"": ""0"", ""Role Leader"": ""0"", ""Role Router"": ""0"", ""Time Child Milli"": ""774372"", ""Time Detached Milli"": ""11628"", ""Time Disabled Milli"": ""0"", ""Time Leader Milli"": ""0"", ""Time Router Milli"": ""0"", ""Time Tracked Milli"": ""786000""}",,,,,,
306,787.0,1500.0,360.0,child,8001,f262a9a43b2cc780,8000,router_c,3,3,7,5,router_c,9002,f262a9a43b2cc780,0.0,0.0,0.0,0.0,1,1,0.0,6.0,6.0,6.0,otns_model_derived_at_ping,model_derived,1.0,-86.146,1,-86.146,1,787.0,False,True,MutualInterference,minimal_end_device,med,enabled,True,packet_probe,"{""RxFailed"": ""0"", ""RxSuccess"": ""379"", ""TxFailed"": ""7"", ""TxSuccess"": ""321""}","{""Attach Attempts"": ""2"", ""Better Parent Attach Attempts"": ""2"", ""Better Partition Attach Attempts"": ""0"", ""Parent Changes"": ""1"", ""Partition Id Changes"": ""1"", ""Role Child"": ""2"", ""Role Detached"": ""2"", ""Role Disabled"": ""0"", ""Role Leader"": ""0"", ""Role Router"": ""0"", ""Time Child Milli"": ""775372"", ""Time Detached Milli"": ""11628"", ""Time Disabled Milli"": ""0"", ""Time Leader Milli"": ""0"", ""Time Router Milli"": ""0"", ""Time Tracked Milli"": ""787000""}",,,,,,
307,788.0,1500.0,360.0,child,8001,f262a9a43b2cc780,8000,router_c,3,3,8,5,router_c,9002,f262a9a43b2cc780,0.0,0.0,0.0,0.0,1,1,0.0,6.0,6.0,6.0,otns_model_derived_at_ping,model_derived,1.0,-86.146,1,-86.146,1,788.0,False,True,MutualInterference,minimal_end_device,med,enabled,True,packet_probe,"{""RxFailed"": ""0"", ""RxSuccess"": ""380"", ""TxFailed"": ""7"", ""TxSuccess"": ""322""}","{""Attach Attempts"": ""2"", ""Better Parent Attach Attempts"": ""2"", ""Better Partition Attach Attempts"": ""0"", ""Parent Changes"": ""1"", ""Partition Id Changes"": ""1"", ""Role Child"": ""2"", ""Role Detached"": ""2"", ""Role Disabled"": ""0"", ""Role Leader"": ""0"", ""Role Router"": ""0"", ""Time Child Milli"": ""776372"", ""Time Detached Milli"": ""11628"", ""Time Disabled Milli"": ""0"", ""Time Leader Milli"": ""0"", ""Time Router Milli"": ""0"", ""Time Tracked Milli"": ""788000""}",,,,,,
308,789.0,1500.0,360.0,child,8001,f262a9a43b2cc780,8000,router_c,3,3,9,5,router_c,9002,f262a9a43b2cc780,0.0,0.0,0.0,0.0,1,1,0.0,5.0,5.0,5.0,otns_model_derived_at_ping,model_derived,1.0,-86.146,1,-86.146,1,789.0,False,True,MutualInterference,minimal_end_device,med,enabled,True,packet_probe,"{""RxFailed"": ""0"", ""RxSuccess"": ""381"", ""TxFailed"": ""7"", ""TxSuccess"": ""323""}","{""Attach Attempts"": ""2"", ""Better Parent Attach Attempts"": ""2"", ""Better Partition Attach Attempts"": ""0"", ""Parent Changes"": ""1"", ""Partition Id Changes"": ""1"", ""Role Child"": ""2"", ""Role Detached"": ""2"", ""Role Disabled"": ""0"", ""Role Leader"": ""0"", ""Role Router"": ""0"", ""Time Child Milli"": ""777372"", ""Time Detached Milli"": ""11628"", ""Time Disabled Milli"": ""0"", ""Time Leader Milli"": ""0"", ""Time Router Milli"": ""0"", ""Time Tracked Milli"": ""789000""}",,,,,,
309,790.0,1500.0,360.0,child,8001,f262a9a43b2cc780,8000,router_c,3,3,0,5,router_c,9002,f262a9a43b2cc780,0.0,0.0,0.0,0.0,1,1,0.0,6.0,6.0,6.0,otns_model_derived_at_ping,model_derived,1.0,-86.146,1,-86.146,1,790.0,False,True,MutualInterference,minimal_end_device,med,enabled,True,packet_probe,"{""RxFailed"": ""0"", ""RxSuccess"": ""383"", ""TxFailed"": ""7"", ""TxSuccess"": ""324""}","{""Attach Attempts"": ""2"", ""Better Parent Attach Attempts"": ""2"", ""Better Partition Attach Attempts"": ""0"", ""Parent Changes"": ""1"", ""Partition Id Changes"": ""1"", ""Role Child"": ""2"", ""Role Detached"": ""2"", ""Role Disabled"": ""0"", ""Role Leader"": ""0"", ""Role Router"": ""0"", ""Time Child Milli"": ""778372"", ""Time Detached Milli"": ""11628"", ""Time Disabled Milli"": ""0"", ""Time Leader Milli"": ""0"", ""Time Router Milli"": ""0"", ""Time Tracked Milli"": ""790000""}",,,,,,
310,791.0,1500.0,360.0,child,8001,f262a9a43b2cc780,8000,router_c,3,3,1,5,router_c,9002,f262a9a43b2cc780,0.0,0.0,0.0,0.0,1,1,0.0,6.0,6.0,6.0,otns_model_derived_at_ping,model_derived,1.0,-86.146,1,-86.146,1,791.0,False,True,MutualInterference,minimal_end_device,med,enabled,True,packet_probe,"{""RxFailed"": ""0"", ""RxSuccess"": ""384"", ""TxFailed"": ""7"", ""TxSuccess"": ""325""}","{""Attach Attempts"": ""2"", ""Better Parent Attach Attempts"": ""2"", ""Better Partition Attach Attempts"": ""0"", ""Parent Changes"": ""1"", ""Partition Id Changes"": ""1"", ""Role Child"": ""2"", ""Role Detached"": ""2"", ""Role Disabled"": ""0"", ""Role Leader"": ""0"", ""Role Router"": ""0"", ""Time Child Milli"": ""779372"", ""Time Detached Milli"": ""11628"", ""Time Disabled Milli"": ""0"", ""Time Leader Milli"": ""0"", ""Time Router Milli"": ""0"", ""Time Tracked Milli"": ""791000""}",,,,,,
311,792.0,1500.0,360.0,child,8001,f262a9a43b2cc780,8000,router_c,3,3,2,5,router_c,9002,f262a9a43b2cc780,0.0,0.0,0.0,0.0,1,1,0.0,4.0,4.0,4.0,otns_model_derived_at_ping,model_derived,1.0,-86.146,1,-86.146,1,792.0,False,True,MutualInterference,minimal_end_device,med,enabled,True,packet_probe,"{""RxFailed"": ""0"", ""RxSuccess"": ""385"", ""TxFailed"": ""7"", ""TxSuccess"": ""326""}","{""Attach Attempts"": ""2"", ""Better Parent Attach Attempts"": ""2"", ""Better Partition Attach Attempts"": ""0"", ""Parent Changes"": ""1"", ""Partition Id Changes"": ""1"", ""Role Child"": ""2"", ""Role Detached"": ""2"", ""Role Disabled"": ""0"", ""Role Leader"": ""0"", ""Role Router"": ""0"", ""Time Child Milli"": ""780372"", ""Time Detached Milli"": ""11628"", ""Time Disabled Milli"": ""0"", ""Time Leader Milli"": ""0"", ""Time Router Milli"": ""0"", ""Time Tracked Milli"": ""792000""}",,,,,,
312,793.0,1500.0,360.0,child,8001,f262a9a43b2cc780,8000,router_c,3,3,3,5,router_c,9002,f262a9a43b2cc780,0.0,0.0,0.0,0.0,1,1,0.0,9.0,9.0,9.0,otns_model_derived_at_ping,model_derived,1.0,-86.146,1,-86.146,1,793.0,False,True,MutualInterference,minimal_end_device,med,enabled,True,packet_probe,"{""RxFailed"": ""0"", ""RxSuccess"": ""386"", ""TxFailed"": ""7"", ""TxSuccess"": ""327""}","{""Attach Attempts"": ""2"", ""Better Parent Attach Attempts"": ""2"", ""Better Partition Attach Attempts"": ""0"", ""Parent Changes"": ""1"", ""Partition Id Changes"": ""1"", ""Role Child"": ""2"", ""Role Detached"": ""2"", ""Role Disabled"": ""0"", ""Role Leader"": ""0"", ""Role Router"": ""0"", ""Time Child Milli"": ""781372"", ""Time Detached Milli"": ""11628"", ""Time Disabled Milli"": ""0"", ""Time Leader Milli"": ""0"", ""Time Router Milli"": ""0"", ""Time Tracked Milli"": ""793000""}",,,,,,
313,794.0,1500.0,360.0,child,8001,f262a9a43b2cc780,8000,router_c,3,3,4,5,router_c,9002,f262a9a43b2cc780,0.0,0.0,0.0,0.0,1,1,0.0,6.0,6.0,6.0,otns_model_derived_at_ping,model_derived,1.0,-86.146,1,-86.146,1,794.0,False,True,MutualInterference,minimal_end_device,med,enabled,True,packet_probe,"{""RxFailed"": ""0"", ""RxSuccess"": ""387"", ""TxFailed"": ""7"", ""TxSuccess"": ""328""}","{""Attach Attempts"": ""2"", ""Better Parent Attach Attempts"": ""2"", ""Better Partition Attach Attempts"": ""0"", ""Parent Changes"": ""1"", ""Partition Id Changes"": ""1"", ""Role Child"": ""2"", ""Role Detached"": ""2"", ""Role Disabled"": ""0"", ""Role Leader"": ""0"", ""Role Router"": ""0"", ""Time Child Milli"": ""782372"", ""Time Detached Milli"": ""11628"", ""Time Disabled Milli"": ""0"", ""Time Leader Milli"": ""0"", ""Time Router Milli"": ""0"", ""Time Tracked Milli"": ""794000""}",,,,,,
314,795.0,1500.0,360.0,child,8001,f262a9a43b2cc780,8000,router_c,3,3,5,5,router_c,9002,f262a9a43b2cc780,0.0,0.0,0.0,0.0,1,1,0.0,10.0,10.0,10.0,otns_model_derived_at_ping,model_derived,1.0,-86.146,1,-86.146,1,795.0,False,True,MutualInterference,minimal_end_device,med,enabled,True,packet_probe,"{""RxFailed"": ""0"", ""RxSuccess"": ""388"", ""TxFailed"": ""7"", ""TxSuccess"": ""329""}","{""Attach Attempts"": ""2"", ""Better Parent Attach Attempts"": ""2"", ""Better Partition Attach Attempts"": ""0"", ""Parent Changes"": ""1"", ""Partition Id Changes"": ""1"", ""Role Child"": ""2"", ""Role Detached"": ""2"", ""Role Disabled"": ""0"", ""Role Leader"": ""0"", ""Role Router"": ""0"", ""Time Child Milli"": ""783372"", ""Time Detached Milli"": ""11628"", ""Time Disabled Milli"": ""0"", ""Time Leader Milli"": ""0"", ""Time Router Milli"": ""0"", ""Time Tracked Milli"": ""795000""}",,,,,,
315,796.0,1500.0,360.0,child,8001,f262a9a43b2cc780,8000,router_c,3,3,6,5,router_c,9002,f262a9a43b2cc780,0.0,0.0,0.0,0.0,1,1,0.0,7.0,7.0,7.0,otns_model_derived_at_ping,model_derived,1.0,-86.146,1,-86.146,1,796.0,False,True,MutualInterference,minimal_end_device,med,enabled,True,packet_probe,"{""RxFailed"": ""0"", ""RxSuccess"": ""389"", ""TxFailed"": ""7"", ""TxSuccess"": ""330""}","{""Attach Attempts"": ""2"", ""Better Parent Attach Attempts"": ""2"", ""Better Partition Attach Attempts"": ""0"", ""Parent Changes"": ""1"", ""Partition Id Changes"": ""1"", ""Role Child"": ""2"", ""Role Detached"": ""2"", ""Role Disabled"": ""0"", ""Role Leader"": ""0"", ""Role Router"": ""0"", ""Time Child Milli"": ""784372"", ""Time Detached Milli"": ""11628"", ""Time Disabled Milli"": ""0"", ""Time Leader Milli"": ""0"", ""Time Router Milli"": ""0"", ""Time Tracked Milli"": ""796000""}",,,,,,
316,797.0,1500.0,360.0,child,8001,f262a9a43b2cc780,8000,router_c,3,3,7,5,router_c,9002,f262a9a43b2cc780,0.0,0.0,0.0,0.0,1,1,0.0,6.0,6.0,6.0,otns_model_derived_at_ping,model_derived,1.0,-86.146,1,-86.146,1,797.0,False,True,MutualInterference,minimal_end_device,med,enabled,True,packet_probe,"{""RxFailed"": ""0"", ""RxSuccess"": ""390"", ""TxFailed"": ""7"", ""TxSuccess"": ""331""}","{""Attach Attempts"": ""2"", ""Better Parent Attach Attempts"": ""2"", ""Better Partition Attach Attempts"": ""0"", ""Parent Changes"": ""1"", ""Partition Id Changes"": ""1"", ""Role Child"": ""2"", ""Role Detached"": ""2"", ""Role Disabled"": ""0"", ""Role Leader"": ""0"", ""Role Router"": ""0"", ""Time Child Milli"": ""785372"", ""Time Detached Milli"": ""11628"", ""Time Disabled Milli"": ""0"", ""Time Leader Milli"": ""0"", ""Time Router Milli"": ""0"", ""Time Tracked Milli"": ""797000""}",,,,,,
317,798.0,1500.0,360.0,child,8001,f262a9a43b2cc780,8000,router_c,3,3,8,5,router_c,9002,f262a9a43b2cc780,0.0,0.0,0.0,0.0,1,1,0.0,7.0,7.0,7.0,otns_model_derived_at_ping,model_derived,1.0,-86.146,1,-86.146,1,798.0,False,True,MutualInterference,minimal_end_device,med,enabled,True,packet_probe,"{""RxFailed"": ""0"", ""RxSuccess"": ""391"", ""TxFailed"": ""7"", ""TxSuccess"": ""332""}","{""Attach Attempts"": ""2"", ""Better Parent Attach Attempts"": ""2"", ""Better Partition Attach Attempts"": ""0"", ""Parent Changes"": ""1"", ""Partition Id Changes"": ""1"", ""Role Child"": ""2"", ""Role Detached"": ""2"", ""Role Disabled"": ""0"", ""Role Leader"": ""0"", ""Role Router"": ""0"", ""Time Child Milli"": ""786372"", ""Time Detached Milli"": ""11628"", ""Time Disabled Milli"": ""0"", ""Time Leader Milli"": ""0"", ""Time Router Milli"": ""0"", ""Time Tracked Milli"": ""798000""}",,,,,,
318,799.0,1500.0,360.0,child,8001,f262a9a43b2cc780,8000,router_c,3,3,9,5,router_c,9002,f262a9a43b2cc780,0.0,0.0,0.0,0.0,1,1,0.0,10.0,10.0,10.0,otns_model_derived_at_ping,model_derived,1.0,-86.146,1,-86.146,1,799.0,False,True,MutualInterference,minimal_end_device,med,enabled,True,packet_probe,"{""RxFailed"": ""0"", ""RxSuccess"": ""392"", ""TxFailed"": ""7"", ""TxSuccess"": ""333""}","{""Attach Attempts"": ""2"", ""Better Parent Attach Attempts"": ""2"", ""Better Partition Attach Attempts"": ""0"", ""Parent Changes"": ""1"", ""Partition Id Changes"": ""1"", ""Role Child"": ""2"", ""Role Detached"": ""2"", ""Role Disabled"": ""0"", ""Role Leader"": ""0"", ""Role Router"": ""0"", ""Time Child Milli"": ""787372"", ""Time Detached Milli"": ""11628"", ""Time Disabled Milli"": ""0"", ""Time Leader Milli"": ""0"", ""Time Router Milli"": ""0"", ""Time Tracked Milli"": ""799000""}",,,,,,
319,800.0,1500.0,360.0,child,8001,f262a9a43b2cc780,8000,router_c,3,3,10,5,router_c,9002,f262a9a43b2cc780,0.0,0.0,0.0,0.0,1,1,0.0,6.0,6.0,6.0,otns_model_derived_at_ping,model_derived,1.0,-86.146,1,-86.146,1,800.0,False,True,MutualInterference,minimal_end_device,med,enabled,True,packet_probe,"{""RxFailed"": ""0"", ""RxSuccess"": ""393"", ""TxFailed"": ""7"", ""TxSuccess"": ""334""}","{""Attach Attempts"": ""2"", ""Better Parent Attach Attempts"": ""2"", ""Better Partition Attach Attempts"": ""0"", ""Parent Changes"": ""1"", ""Partition Id Changes"": ""1"", ""Role Child"": ""2"", ""Role Detached"": ""2"", ""Role Disabled"": ""0"", ""Role Leader"": ""0"", ""Role Router"": ""0"", ""Time Child Milli"": ""788372"", ""Time Detached Milli"": ""11628"", ""Time Disabled Milli"": ""0"", ""Time Leader Milli"": ""0"", ""Time Router Milli"": ""0"", ""Time Tracked Milli"": ""800000""}",,,,,,
320,801.0,1500.0,360.0,child,8001,f262a9a43b2cc780,8000,router_c,3,3,0,5,router_c,9002,f262a9a43b2cc780,0.0,0.0,0.0,0.0,1,1,0.0,6.0,6.0,6.0,otns_model_derived_at_ping,model_derived,1.0,-86.146,1,-86.146,1,801.0,False,True,MutualInterference,minimal_end_device,med,enabled,True,packet_probe,"{""RxFailed"": ""0"", ""RxSuccess"": ""395"", ""TxFailed"": ""7"", ""TxSuccess"": ""335""}","{""Attach Attempts"": ""2"", ""Better Parent Attach Attempts"": ""2"", ""Better Partition Attach Attempts"": ""0"", ""Parent Changes"": ""1"", ""Partition Id Changes"": ""1"", ""Role Child"": ""2"", ""Role Detached"": ""2"", ""Role Disabled"": ""0"", ""Role Leader"": ""0"", ""Role Router"": ""0"", ""Time Child Milli"": ""789372"", ""Time Detached Milli"": ""11628"", ""Time Disabled Milli"": ""0"", ""Time Leader Milli"": ""0"", ""Time Router Milli"": ""0"", ""Time Tracked Milli"": ""801000""}",,,,,,
321,802.0,1500.0,360.0,child,8001,f262a9a43b2cc780,8000,router_c,3,3,1,5,router_c,9002,f262a9a43b2cc780,0.0,0.0,0.0,0.0,1,1,0.0,7.0,7.0,7.0,otns_model_derived_at_ping,model_derived,1.0,-86.146,1,-86.146,1,802.0,False,True,MutualInterference,minimal_end_device,med,enabled,True,packet_probe,"{""RxFailed"": ""0"", ""RxSuccess"": ""396"", ""TxFailed"": ""7"", ""TxSuccess"": ""336""}","{""Attach Attempts"": ""2"", ""Better Parent Attach Attempts"": ""2"", ""Better Partition Attach Attempts"": ""0"", ""Parent Changes"": ""1"", ""Partition Id Changes"": ""1"", ""Role Child"": ""2"", ""Role Detached"": ""2"", ""Role Disabled"": ""0"", ""Role Leader"": ""0"", ""Role Router"": ""0"", ""Time Child Milli"": ""790372"", ""Time Detached Milli"": ""11628"", ""Time Disabled Milli"": ""0"", ""Time Leader Milli"": ""0"", ""Time Router Milli"": ""0"", ""Time Tracked Milli"": ""802000""}",,,,,,
322,803.0,1500.0,360.0,child,8001,f262a9a43b2cc780,8000,router_c,3,3,2,5,router_c,9002,f262a9a43b2cc780,0.0,0.0,0.0,0.0,1,1,0.0,5.0,5.0,5.0,otns_model_derived_at_ping,model_derived,1.0,-86.146,1,-86.146,1,803.0,False,True,MutualInterference,minimal_end_device,med,enabled,True,packet_probe,"{""RxFailed"": ""0"", ""RxSuccess"": ""397"", ""TxFailed"": ""7"", ""TxSuccess"": ""337""}","{""Attach Attempts"": ""2"", ""Better Parent Attach Attempts"": ""2"", ""Better Partition Attach Attempts"": ""0"", ""Parent Changes"": ""1"", ""Partition Id Changes"": ""1"", ""Role Child"": ""2"", ""Role Detached"": ""2"", ""Role Disabled"": ""0"", ""Role Leader"": ""0"", ""Role Router"": ""0"", ""Time Child Milli"": ""791372"", ""Time Detached Milli"": ""11628"", ""Time Disabled Milli"": ""0"", ""Time Leader Milli"": ""0"", ""Time Router Milli"": ""0"", ""Time Tracked Milli"": ""803000""}",,,,,,
323,804.0,1500.0,360.0,child,8001,f262a9a43b2cc780,8000,router_c,3,3,3,5,router_c,9002,f262a9a43b2cc780,0.0,0.0,0.0,0.0,1,1,0.0,6.0,6.0,6.0,otns_model_derived_at_ping,model_derived,1.0,-86.146,1,-86.146,1,804.0,False,True,MutualInterference,minimal_end_device,med,enabled,True,packet_probe,"{""RxFailed"": ""0"", ""RxSuccess"": ""398"", ""TxFailed"": ""7"", ""TxSuccess"": ""338""}","{""Attach Attempts"": ""2"", ""Better Parent Attach Attempts"": ""2"", ""Better Partition Attach Attempts"": ""0"", ""Parent Changes"": ""1"", ""Partition Id Changes"": ""1"", ""Role Child"": ""2"", ""Role Detached"": ""2"", ""Role Disabled"": ""0"", ""Role Leader"": ""0"", ""Role Router"": ""0"", ""Time Child Milli"": ""792372"", ""Time Detached Milli"": ""11628"", ""Time Disabled Milli"": ""0"", ""Time Leader Milli"": ""0"", ""Time Router Milli"": ""0"", ""Time Tracked Milli"": ""804000""}",,,,,,
324,805.0,1500.0,360.0,child,8001,f262a9a43b2cc780,8000,router_c,3,3,4,5,router_c,9002,f262a9a43b2cc780,0.0,0.0,0.0,0.0,1,1,0.0,8.0,8.0,8.0,otns_model_derived_at_ping,model_derived,1.0,-86.146,1,-86.146,1,805.0,False,True,MutualInterference,minimal_end_device,med,enabled,True,packet_probe,"{""RxFailed"": ""0"", ""RxSuccess"": ""399"", ""TxFailed"": ""7"", ""TxSuccess"": ""339""}","{""Attach Attempts"": ""2"", ""Better Parent Attach Attempts"": ""2"", ""Better Partition Attach Attempts"": ""0"", ""Parent Changes"": ""1"", ""Partition Id Changes"": ""1"", ""Role Child"": ""2"", ""Role Detached"": ""2"", ""Role Disabled"": ""0"", ""Role Leader"": ""0"", ""Role Router"": ""0"", ""Time Child Milli"": ""793372"", ""Time Detached Milli"": ""11628"", ""Time Disabled Milli"": ""0"", ""Time Leader Milli"": ""0"", ""Time Router Milli"": ""0"", ""Time Tracked Milli"": ""805000""}",,,,,,
325,806.0,1500.0,360.0,child,8001,f262a9a43b2cc780,8000,router_c,3,3,5,5,router_c,9002,f262a9a43b2cc780,0.0,0.0,0.0,0.0,1,1,0.0,6.0,6.0,6.0,otns_model_derived_at_ping,model_derived,1.0,-86.146,1,-86.146,1,806.0,False,True,MutualInterference,minimal_end_device,med,enabled,True,packet_probe,"{""RxFailed"": ""0"", ""RxSuccess"": ""400"", ""TxFailed"": ""7"", ""TxSuccess"": ""340""}","{""Attach Attempts"": ""2"", ""Better Parent Attach Attempts"": ""2"", ""Better Partition Attach Attempts"": ""0"", ""Parent Changes"": ""1"", ""Partition Id Changes"": ""1"", ""Role Child"": ""2"", ""Role Detached"": ""2"", ""Role Disabled"": ""0"", ""Role Leader"": ""0"", ""Role Router"": ""0"", ""Time Child Milli"": ""794372"", ""Time Detached Milli"": ""11628"", ""Time Disabled Milli"": ""0"", ""Time Leader Milli"": ""0"", ""Time Router Milli"": ""0"", ""Time Tracked Milli"": ""806000""}",,,,,,
326,807.0,1500.0,360.0,child,8001,f262a9a43b2cc780,8000,router_c,3,3,6,5,router_c,9002,f262a9a43b2cc780,0.0,0.0,0.0,0.0,1,1,0.0,7.0,7.0,7.0,otns_model_derived_at_ping,model_derived,1.0,-86.146,1,-86.146,1,807.0,False,True,MutualInterference,minimal_end_device,med,enabled,True,packet_probe,"{""RxFailed"": ""0"", ""RxSuccess"": ""401"", ""TxFailed"": ""7"", ""TxSuccess"": ""341""}","{""Attach Attempts"": ""2"", ""Better Parent Attach Attempts"": ""2"", ""Better Partition Attach Attempts"": ""0"", ""Parent Changes"": ""1"", ""Partition Id Changes"": ""1"", ""Role Child"": ""2"", ""Role Detached"": ""2"", ""Role Disabled"": ""0"", ""Role Leader"": ""0"", ""Role Router"": ""0"", ""Time Child Milli"": ""795372"", ""Time Detached Milli"": ""11628"", ""Time Disabled Milli"": ""0"", ""Time Leader Milli"": ""0"", ""Time Router Milli"": ""0"", ""Time Tracked Milli"": ""807000""}",,,,,,
327,808.0,1500.0,360.0,child,8001,f262a9a43b2cc780,8000,router_c,3,3,7,5,router_c,9002,f262a9a43b2cc780,0.0,0.0,0.0,0.0,1,1,0.0,10.0,10.0,10.0,otns_model_derived_at_ping,model_derived,1.0,-86.146,1,-86.146,1,808.0,False,True,MutualInterference,minimal_end_device,med,enabled,True,packet_probe,"{""RxFailed"": ""0"", ""RxSuccess"": ""402"", ""TxFailed"": ""7"", ""TxSuccess"": ""342""}","{""Attach Attempts"": ""2"", ""Better Parent Attach Attempts"": ""2"", ""Better Partition Attach Attempts"": ""0"", ""Parent Changes"": ""1"", ""Partition Id Changes"": ""1"", ""Role Child"": ""2"", ""Role Detached"": ""2"", ""Role Disabled"": ""0"", ""Role Leader"": ""0"", ""Role Router"": ""0"", ""Time Child Milli"": ""796372"", ""Time Detached Milli"": ""11628"", ""Time Disabled Milli"": ""0"", ""Time Leader Milli"": ""0"", ""Time Router Milli"": ""0"", ""Time Tracked Milli"": ""808000""}",,,,,,
328,809.0,1500.0,360.0,child,8001,f262a9a43b2cc780,8000,router_c,3,3,8,5,router_c,9002,f262a9a43b2cc780,0.0,0.0,0.0,0.0,1,1,0.0,7.0,7.0,7.0,otns_model_derived_at_ping,model_derived,1.0,-86.146,1,-86.146,1,809.0,False,True,MutualInterference,minimal_end_device,med,enabled,True,packet_probe,"{""RxFailed"": ""0"", ""RxSuccess"": ""403"", ""TxFailed"": ""7"", ""TxSuccess"": ""343""}","{""Attach Attempts"": ""2"", ""Better Parent Attach Attempts"": ""2"", ""Better Partition Attach Attempts"": ""0"", ""Parent Changes"": ""1"", ""Partition Id Changes"": ""1"", ""Role Child"": ""2"", ""Role Detached"": ""2"", ""Role Disabled"": ""0"", ""Role Leader"": ""0"", ""Role Router"": ""0"", ""Time Child Milli"": ""797372"", ""Time Detached Milli"": ""11628"", ""Time Disabled Milli"": ""0"", ""Time Leader Milli"": ""0"", ""Time Router Milli"": ""0"", ""Time Tracked Milli"": ""809000""}",,,,,,
329,810.0,1500.0,360.0,child,8001,f262a9a43b2cc780,8000,router_c,3,3,9,5,router_c,9002,f262a9a43b2cc780,0.0,0.0,0.0,0.0,1,1,0.0,6.0,6.0,6.0,otns_model_derived_at_ping,model_derived,1.0,-86.146,1,-86.146,1,810.0,False,True,MutualInterference,minimal_end_device,med,enabled,True,packet_probe,"{""RxFailed"": ""0"", ""RxSuccess"": ""404"", ""TxFailed"": ""7"", ""TxSuccess"": ""344""}","{""Attach Attempts"": ""2"", ""Better Parent Attach Attempts"": ""2"", ""Better Partition Attach Attempts"": ""0"", ""Parent Changes"": ""1"", ""Partition Id Changes"": ""1"", ""Role Child"": ""2"", ""Role Detached"": ""2"", ""Role Disabled"": ""0"", ""Role Leader"": ""0"", ""Role Router"": ""0"", ""Time Child Milli"": ""798372"", ""Time Detached Milli"": ""11628"", ""Time Disabled Milli"": ""0"", ""Time Leader Milli"": ""0"", ""Time Router Milli"": ""0"", ""Time Tracked Milli"": ""810000""}",,,,,,
330,811.0,1500.0,360.0,child,8001,f262a9a43b2cc780,8000,router_c,3,3,10,5,router_c,9002,f262a9a43b2cc780,0.0,0.0,0.0,0.0,1,1,0.0,5.0,5.0,5.0,otns_model_derived_at_ping,model_derived,1.0,-86.146,1,-86.146,1,811.0,False,True,MutualInterference,minimal_end_device,med,enabled,True,packet_probe,"{""RxFailed"": ""0"", ""RxSuccess"": ""405"", ""TxFailed"": ""7"", ""TxSuccess"": ""345""}","{""Attach Attempts"": ""2"", ""Better Parent Attach Attempts"": ""2"", ""Better Partition Attach Attempts"": ""0"", ""Parent Changes"": ""1"", ""Partition Id Changes"": ""1"", ""Role Child"": ""2"", ""Role Detached"": ""2"", ""Role Disabled"": ""0"", ""Role Leader"": ""0"", ""Role Router"": ""0"", ""Time Child Milli"": ""799372"", ""Time Detached Milli"": ""11628"", ""Time Disabled Milli"": ""0"", ""Time Leader Milli"": ""0"", ""Time Router Milli"": ""0"", ""Time Tracked Milli"": ""811000""}",,,,,,
331,812.0,1500.0,360.0,child,8001,f262a9a43b2cc780,8000,router_c,3,3,11,5,router_c,9002,f262a9a43b2cc780,0.0,0.0,0.0,0.0,1,1,0.0,5.0,5.0,5.0,otns_model_derived_at_ping,model_derived,1.0,-86.146,1,-86.146,1,812.0,False,True,MutualInterference,minimal_end_device,med,enabled,True,packet_probe,"{""RxFailed"": ""0"", ""RxSuccess"": ""406"", ""TxFailed"": ""7"", ""TxSuccess"": ""346""}","{""Attach Attempts"": ""2"", ""Better Parent Attach Attempts"": ""2"", ""Better Partition Attach Attempts"": ""0"", ""Parent Changes"": ""1"", ""Partition Id Changes"": ""1"", ""Role Child"": ""2"", ""Role Detached"": ""2"", ""Role Disabled"": ""0"", ""Role Leader"": ""0"", ""Role Router"": ""0"", ""Time Child Milli"": ""800372"", ""Time Detached Milli"": ""11628"", ""Time Disabled Milli"": ""0"", ""Time Leader Milli"": ""0"", ""Time Router Milli"": ""0"", ""Time Tracked Milli"": ""812000""}",,,,,,
332,813.0,1500.0,360.0,child,8001,f262a9a43b2cc780,8000,router_c,3,3,12,5,router_c,9002,f262a9a43b2cc780,0.0,0.0,0.0,0.0,1,1,0.0,6.0,6.0,6.0,otns_model_derived_at_ping,model_derived,1.0,-86.146,1,-86.146,1,813.0,False,True,MutualInterference,minimal_end_device,med,enabled,True,packet_probe,"{""RxFailed"": ""0"", ""RxSuccess"": ""407"", ""TxFailed"": ""7"", ""TxSuccess"": ""347""}","{""Attach Attempts"": ""2"", ""Better Parent Attach Attempts"": ""2"", ""Better Partition Attach Attempts"": ""0"", ""Parent Changes"": ""1"", ""Partition Id Changes"": ""1"", ""Role Child"": ""2"", ""Role Detached"": ""2"", ""Role Disabled"": ""0"", ""Role Leader"": ""0"", ""Role Router"": ""0"", ""Time Child Milli"": ""801372"", ""Time Detached Milli"": ""11628"", ""Time Disabled Milli"": ""0"", ""Time Leader Milli"": ""0"", ""Time Router Milli"": ""0"", ""Time Tracked Milli"": ""813000""}",,,,,,
333,814.0,1500.0,360.0,child,8001,f262a9a43b2cc780,8000,router_c,3,3,13,5,router_c,9002,f262a9a43b2cc780,0.0,0.0,0.0,0.0,1,1,0.0,7.0,7.0,7.0,otns_model_derived_at_ping,model_derived,1.0,-86.146,1,-86.146,1,814.0,False,True,MutualInterference,minimal_end_device,med,enabled,True,packet_probe,"{""RxFailed"": ""0"", ""RxSuccess"": ""408"", ""TxFailed"": ""7"", ""TxSuccess"": ""348""}","{""Attach Attempts"": ""2"", ""Better Parent Attach Attempts"": ""2"", ""Better Partition Attach Attempts"": ""0"", ""Parent Changes"": ""1"", ""Partition Id Changes"": ""1"", ""Role Child"": ""2"", ""Role Detached"": ""2"", ""Role Disabled"": ""0"", ""Role Leader"": ""0"", ""Role Router"": ""0"", ""Time Child Milli"": ""802372"", ""Time Detached Milli"": ""11628"", ""Time Disabled Milli"": ""0"", ""Time Leader Milli"": ""0"", ""Time Router Milli"": ""0"", ""Time Tracked Milli"": ""814000""}",,,,,,
334,815.0,1500.0,360.0,child,8001,f262a9a43b2cc780,8000,router_c,3,3,14,5,router_c,9002,f262a9a43b2cc780,0.0,0.0,0.0,0.0,1,1,0.0,6.0,6.0,6.0,otns_model_derived_at_ping,model_derived,1.0,-86.146,1,-86.146,1,815.0,False,True,MutualInterference,minimal_end_device,med,enabled,True,packet_probe,"{""RxFailed"": ""0"", ""RxSuccess"": ""409"", ""TxFailed"": ""7"", ""TxSuccess"": ""349""}","{""Attach Attempts"": ""2"", ""Better Parent Attach Attempts"": ""2"", ""Better Partition Attach Attempts"": ""0"", ""Parent Changes"": ""1"", ""Partition Id Changes"": ""1"", ""Role Child"": ""2"", ""Role Detached"": ""2"", ""Role Disabled"": ""0"", ""Role Leader"": ""0"", ""Role Router"": ""0"", ""Time Child Milli"": ""803372"", ""Time Detached Milli"": ""11628"", ""Time Disabled Milli"": ""0"", ""Time Leader Milli"": ""0"", ""Time Router Milli"": ""0"", ""Time Tracked Milli"": ""815000""}",,,,,,
335,816.0,1500.0,360.0,child,8001,f262a9a43b2cc780,8000,router_c,3,3,0,5,router_c,9002,f262a9a43b2cc780,0.0,0.0,0.0,0.0,1,1,0.0,8.0,8.0,8.0,otns_model_derived_at_ping,model_derived,1.0,-86.146,1,-86.146,1,816.0,False,True,MutualInterference,minimal_end_device,med,enabled,True,packet_probe,"{""RxFailed"": ""0"", ""RxSuccess"": ""411"", ""TxFailed"": ""7"", ""TxSuccess"": ""350""}","{""Attach Attempts"": ""2"", ""Better Parent Attach Attempts"": ""2"", ""Better Partition Attach Attempts"": ""0"", ""Parent Changes"": ""1"", ""Partition Id Changes"": ""1"", ""Role Child"": ""2"", ""Role Detached"": ""2"", ""Role Disabled"": ""0"", ""Role Leader"": ""0"", ""Role Router"": ""0"", ""Time Child Milli"": ""804372"", ""Time Detached Milli"": ""11628"", ""Time Disabled Milli"": ""0"", ""Time Leader Milli"": ""0"", ""Time Router Milli"": ""0"", ""Time Tracked Milli"": ""816000""}",,,,,,
336,817.0,1500.0,360.0,child,8001,f262a9a43b2cc780,8000,router_c,3,3,1,5,router_c,9002,f262a9a43b2cc780,0.0,0.0,0.0,0.0,1,1,0.0,6.0,6.0,6.0,otns_model_derived_at_ping,model_derived,1.0,-86.146,1,-86.146,1,817.0,False,True,MutualInterference,minimal_end_device,med,enabled,True,packet_probe,"{""RxFailed"": ""0"", ""RxSuccess"": ""412"", ""TxFailed"": ""7"", ""TxSuccess"": ""351""}","{""Attach Attempts"": ""2"", ""Better Parent Attach Attempts"": ""2"", ""Better Partition Attach Attempts"": ""0"", ""Parent Changes"": ""1"", ""Partition Id Changes"": ""1"", ""Role Child"": ""2"", ""Role Detached"": ""2"", ""Role Disabled"": ""0"", ""Role Leader"": ""0"", ""Role Router"": ""0"", ""Time Child Milli"": ""805372"", ""Time Detached Milli"": ""11628"", ""Time Disabled Milli"": ""0"", ""Time Leader Milli"": ""0"", ""Time Router Milli"": ""0"", ""Time Tracked Milli"": ""817000""}",,,,,,
337,818.0,1500.0,360.0,child,8001,f262a9a43b2cc780,8000,router_c,3,3,2,5,router_c,9002,f262a9a43b2cc780,0.0,0.0,0.0,0.0,1,1,0.0,6.0,6.0,6.0,otns_model_derived_at_ping,model_derived,1.0,-86.146,1,-86.146,1,818.0,False,True,MutualInterference,minimal_end_device,med,enabled,True,packet_probe,"{""RxFailed"": ""0"", ""RxSuccess"": ""413"", ""TxFailed"": ""7"", ""TxSuccess"": ""352""}","{""Attach Attempts"": ""2"", ""Better Parent Attach Attempts"": ""2"", ""Better Partition Attach Attempts"": ""0"", ""Parent Changes"": ""1"", ""Partition Id Changes"": ""1"", ""Role Child"": ""2"", ""Role Detached"": ""2"", ""Role Disabled"": ""0"", ""Role Leader"": ""0"", ""Role Router"": ""0"", ""Time Child Milli"": ""806372"", ""Time Detached Milli"": ""11628"", ""Time Disabled Milli"": ""0"", ""Time Leader Milli"": ""0"", ""Time Router Milli"": ""0"", ""Time Tracked Milli"": ""818000""}",,,,,,
338,819.0,1500.0,360.0,child,8001,f262a9a43b2cc780,8000,router_c,3,3,3,5,router_c,9002,f262a9a43b2cc780,0.0,0.0,0.0,0.0,1,1,0.0,6.0,6.0,6.0,otns_model_derived_at_ping,model_derived,1.0,-86.146,1,-86.146,1,819.0,False,True,MutualInterference,minimal_end_device,med,enabled,True,packet_probe,"{""RxFailed"": ""0"", ""RxSuccess"": ""414"", ""TxFailed"": ""7"", ""TxSuccess"": ""353""}","{""Attach Attempts"": ""2"", ""Better Parent Attach Attempts"": ""2"", ""Better Partition Attach Attempts"": ""0"", ""Parent Changes"": ""1"", ""Partition Id Changes"": ""1"", ""Role Child"": ""2"", ""Role Detached"": ""2"", ""Role Disabled"": ""0"", ""Role Leader"": ""0"", ""Role Router"": ""0"", ""Time Child Milli"": ""807372"", ""Time Detached Milli"": ""11628"", ""Time Disabled Milli"": ""0"", ""Time Leader Milli"": ""0"", ""Time Router Milli"": ""0"", ""Time Tracked Milli"": ""819000""}",,,,,,
339,820.0,1500.0,360.0,child,8001,f262a9a43b2cc780,8000,router_c,3,3,4,5,router_c,9002,f262a9a43b2cc780,0.0,0.0,0.0,0.0,1,1,0.0,7.0,7.0,7.0,otns_model_derived_at_ping,model_derived,1.0,-86.146,1,-86.146,1,820.0,False,True,MutualInterference,minimal_end_device,med,enabled,True,packet_probe,"{""RxFailed"": ""0"", ""RxSuccess"": ""415"", ""TxFailed"": ""7"", ""TxSuccess"": ""354""}","{""Attach Attempts"": ""2"", ""Better Parent Attach Attempts"": ""2"", ""Better Partition Attach Attempts"": ""0"", ""Parent Changes"": ""1"", ""Partition Id Changes"": ""1"", ""Role Child"": ""2"", ""Role Detached"": ""2"", ""Role Disabled"": ""0"", ""Role Leader"": ""0"", ""Role Router"": ""0"", ""Time Child Milli"": ""808372"", ""Time Detached Milli"": ""11628"", ""Time Disabled Milli"": ""0"", ""Time Leader Milli"": ""0"", ""Time Router Milli"": ""0"", ""Time Tracked Milli"": ""820000""}",,,,,,
340,821.0,1500.0,360.0,child,8001,f262a9a43b2cc780,8000,router_c,3,3,5,5,router_c,9002,f262a9a43b2cc780,0.0,0.0,0.0,0.0,1,1,0.0,7.0,7.0,7.0,otns_model_derived_at_ping,model_derived,1.0,-86.146,1,-86.146,1,821.0,False,True,MutualInterference,minimal_end_device,med,enabled,True,packet_probe,"{""RxFailed"": ""0"", ""RxSuccess"": ""416"", ""TxFailed"": ""7"", ""TxSuccess"": ""355""}","{""Attach Attempts"": ""2"", ""Better Parent Attach Attempts"": ""2"", ""Better Partition Attach Attempts"": ""0"", ""Parent Changes"": ""1"", ""Partition Id Changes"": ""1"", ""Role Child"": ""2"", ""Role Detached"": ""2"", ""Role Disabled"": ""0"", ""Role Leader"": ""0"", ""Role Router"": ""0"", ""Time Child Milli"": ""809372"", ""Time Detached Milli"": ""11628"", ""Time Disabled Milli"": ""0"", ""Time Leader Milli"": ""0"", ""Time Router Milli"": ""0"", ""Time Tracked Milli"": ""821000""}",,,,,,
341,822.0,1500.0,360.0,child,8001,f262a9a43b2cc780,8000,router_c,3,3,6,5,router_c,9002,f262a9a43b2cc780,0.0,0.0,0.0,0.0,1,1,0.0,11.0,11.0,11.0,otns_model_derived_at_ping,model_derived,1.0,-86.146,1,-86.146,1,822.0,False,True,MutualInterference,minimal_end_device,med,enabled,True,packet_probe,"{""RxFailed"": ""0"", ""RxSuccess"": ""417"", ""TxFailed"": ""7"", ""TxSuccess"": ""356""}","{""Attach Attempts"": ""2"", ""Better Parent Attach Attempts"": ""2"", ""Better Partition Attach Attempts"": ""0"", ""Parent Changes"": ""1"", ""Partition Id Changes"": ""1"", ""Role Child"": ""2"", ""Role Detached"": ""2"", ""Role Disabled"": ""0"", ""Role Leader"": ""0"", ""Role Router"": ""0"", ""Time Child Milli"": ""810372"", ""Time Detached Milli"": ""11628"", ""Time Disabled Milli"": ""0"", ""Time Leader Milli"": ""0"", ""Time Router Milli"": ""0"", ""Time Tracked Milli"": ""822000""}",,,,,,
342,823.0,1500.0,360.0,child,8001,f262a9a43b2cc780,8000,router_c,3,3,0,5,router_c,9002,f262a9a43b2cc780,0.0,0.0,0.0,0.0,1,1,0.0,9.0,9.0,9.0,otns_model_derived_at_ping,model_derived,1.0,-86.146,1,-86.146,1,823.0,False,True,MutualInterference,minimal_end_device,med,enabled,True,packet_probe,"{""RxFailed"": ""0"", ""RxSuccess"": ""419"", ""TxFailed"": ""7"", ""TxSuccess"": ""357""}","{""Attach Attempts"": ""2"", ""Better Parent Attach Attempts"": ""2"", ""Better Partition Attach Attempts"": ""0"", ""Parent Changes"": ""1"", ""Partition Id Changes"": ""1"", ""Role Child"": ""2"", ""Role Detached"": ""2"", ""Role Disabled"": ""0"", ""Role Leader"": ""0"", ""Role Router"": ""0"", ""Time Child Milli"": ""811372"", ""Time Detached Milli"": ""11628"", ""Time Disabled Milli"": ""0"", ""Time Leader Milli"": ""0"", ""Time Router Milli"": ""0"", ""Time Tracked Milli"": ""823000""}",,,,,,
343,824.0,1500.0,360.0,child,8001,f262a9a43b2cc780,8000,router_c,3,3,1,5,router_c,9002,f262a9a43b2cc780,0.0,0.0,0.0,0.0,1,1,0.0,7.0,7.0,7.0,otns_model_derived_at_ping,model_derived,1.0,-86.146,1,-86.146,1,824.0,False,True,MutualInterference,minimal_end_device,med,enabled,True,packet_probe,"{""RxFailed"": ""0"", ""RxSuccess"": ""420"", ""TxFailed"": ""7"", ""TxSuccess"": ""358""}","{""Attach Attempts"": ""2"", ""Better Parent Attach Attempts"": ""2"", ""Better Partition Attach Attempts"": ""0"", ""Parent Changes"": ""1"", ""Partition Id Changes"": ""1"", ""Role Child"": ""2"", ""Role Detached"": ""2"", ""Role Disabled"": ""0"", ""Role Leader"": ""0"", ""Role Router"": ""0"", ""Time Child Milli"": ""812372"", ""Time Detached Milli"": ""11628"", ""Time Disabled Milli"": ""0"", ""Time Leader Milli"": ""0"", ""Time Router Milli"": ""0"", ""Time Tracked Milli"": ""824000""}",,,,,,
344,825.0,1500.0,360.0,child,8001,f262a9a43b2cc780,8000,router_c,3,3,2,5,router_c,9002,f262a9a43b2cc780,0.0,0.0,0.0,0.0,1,1,0.0,6.0,6.0,6.0,otns_model_derived_at_ping,model_derived,1.0,-86.146,1,-86.146,1,825.0,False,True,MutualInterference,minimal_end_device,med,enabled,True,packet_probe,"{""RxFailed"": ""0"", ""RxSuccess"": ""421"", ""TxFailed"": ""7"", ""TxSuccess"": ""359""}","{""Attach Attempts"": ""2"", ""Better Parent Attach Attempts"": ""2"", ""Better Partition Attach Attempts"": ""0"", ""Parent Changes"": ""1"", ""Partition Id Changes"": ""1"", ""Role Child"": ""2"", ""Role Detached"": ""2"", ""Role Disabled"": ""0"", ""Role Leader"": ""0"", ""Role Router"": ""0"", ""Time Child Milli"": ""813372"", ""Time Detached Milli"": ""11628"", ""Time Disabled Milli"": ""0"", ""Time Leader Milli"": ""0"", ""Time Router Milli"": ""0"", ""Time Tracked Milli"": ""825000""}",,,,,,
345,826.0,1500.0,360.0,child,8001,f262a9a43b2cc780,8000,router_c,3,3,3,5,router_c,9002,f262a9a43b2cc780,0.0,0.0,0.0,0.0,1,1,0.0,5.0,5.0,5.0,otns_model_derived_at_ping,model_derived,1.0,-86.146,1,-86.146,1,826.0,False,True,MutualInterference,minimal_end_device,med,enabled,True,packet_probe,"{""RxFailed"": ""0"", ""RxSuccess"": ""422"", ""TxFailed"": ""7"", ""TxSuccess"": ""360""}","{""Attach Attempts"": ""2"", ""Better Parent Attach Attempts"": ""2"", ""Better Partition Attach Attempts"": ""0"", ""Parent Changes"": ""1"", ""Partition Id Changes"": ""1"", ""Role Child"": ""2"", ""Role Detached"": ""2"", ""Role Disabled"": ""0"", ""Role Leader"": ""0"", ""Role Router"": ""0"", ""Time Child Milli"": ""814372"", ""Time Detached Milli"": ""11628"", ""Time Disabled Milli"": ""0"", ""Time Leader Milli"": ""0"", ""Time Router Milli"": ""0"", ""Time Tracked Milli"": ""826000""}",,,,,,
346,827.0,1500.0,360.0,child,8001,f262a9a43b2cc780,8000,router_c,3,3,4,5,router_c,9002,f262a9a43b2cc780,0.0,0.0,0.0,0.0,1,1,0.0,7.0,7.0,7.0,otns_model_derived_at_ping,model_derived,1.0,-86.146,1,-86.146,1,827.0,False,True,MutualInterference,minimal_end_device,med,enabled,True,packet_probe,"{""RxFailed"": ""0"", ""RxSuccess"": ""423"", ""TxFailed"": ""7"", ""TxSuccess"": ""361""}","{""Attach Attempts"": ""2"", ""Better Parent Attach Attempts"": ""2"", ""Better Partition Attach Attempts"": ""0"", ""Parent Changes"": ""1"", ""Partition Id Changes"": ""1"", ""Role Child"": ""2"", ""Role Detached"": ""2"", ""Role Disabled"": ""0"", ""Role Leader"": ""0"", ""Role Router"": ""0"", ""Time Child Milli"": ""815372"", ""Time Detached Milli"": ""11628"", ""Time Disabled Milli"": ""0"", ""Time Leader Milli"": ""0"", ""Time Router Milli"": ""0"", ""Time Tracked Milli"": ""827000""}",,,,,,
347,828.0,1500.0,360.0,child,8001,f262a9a43b2cc780,8000,router_c,3,3,5,5,router_c,9002,f262a9a43b2cc780,0.0,0.0,0.0,0.0,1,1,0.0,6.0,6.0,6.0,otns_model_derived_at_ping,model_derived,1.0,-86.146,1,-86.146,1,828.0,False,True,MutualInterference,minimal_end_device,med,enabled,True,packet_probe,"{""RxFailed"": ""0"", ""RxSuccess"": ""424"", ""TxFailed"": ""7"", ""TxSuccess"": ""362""}","{""Attach Attempts"": ""2"", ""Better Parent Attach Attempts"": ""2"", ""Better Partition Attach Attempts"": ""0"", ""Parent Changes"": ""1"", ""Partition Id Changes"": ""1"", ""Role Child"": ""2"", ""Role Detached"": ""2"", ""Role Disabled"": ""0"", ""Role Leader"": ""0"", ""Role Router"": ""0"", ""Time Child Milli"": ""816372"", ""Time Detached Milli"": ""11628"", ""Time Disabled Milli"": ""0"", ""Time Leader Milli"": ""0"", ""Time Router Milli"": ""0"", ""Time Tracked Milli"": ""828000""}",,,,,,
348,829.0,1500.0,360.0,child,8001,f262a9a43b2cc780,8000,router_c,3,3,6,5,router_c,9002,f262a9a43b2cc780,0.0,0.0,0.0,0.0,1,1,0.0,6.0,6.0,6.0,otns_model_derived_at_ping,model_derived,1.0,-86.146,1,-86.146,1,829.0,False,True,MutualInterference,minimal_end_device,med,enabled,True,packet_probe,"{""RxFailed"": ""0"", ""RxSuccess"": ""425"", ""TxFailed"": ""7"", ""TxSuccess"": ""363""}","{""Attach Attempts"": ""2"", ""Better Parent Attach Attempts"": ""2"", ""Better Partition Attach Attempts"": ""0"", ""Parent Changes"": ""1"", ""Partition Id Changes"": ""1"", ""Role Child"": ""2"", ""Role Detached"": ""2"", ""Role Disabled"": ""0"", ""Role Leader"": ""0"", ""Role Router"": ""0"", ""Time Child Milli"": ""817372"", ""Time Detached Milli"": ""11628"", ""Time Disabled Milli"": ""0"", ""Time Leader Milli"": ""0"", ""Time Router Milli"": ""0"", ""Time Tracked Milli"": ""829000""}",,,,,,
349,830.0,1500.0,360.0,child,8001,f262a9a43b2cc780,8000,router_c,3,3,7,5,router_c,9002,f262a9a43b2cc780,0.0,0.0,0.0,0.0,1,1,0.0,9.0,9.0,9.0,otns_model_derived_at_ping,model_derived,1.0,-86.146,1,-86.146,1,830.0,False,True,MutualInterference,minimal_end_device,med,enabled,True,packet_probe,"{""RxFailed"": ""0"", ""RxSuccess"": ""426"", ""TxFailed"": ""7"", ""TxSuccess"": ""364""}","{""Attach Attempts"": ""2"", ""Better Parent Attach Attempts"": ""2"", ""Better Partition Attach Attempts"": ""0"", ""Parent Changes"": ""1"", ""Partition Id Changes"": ""1"", ""Role Child"": ""2"", ""Role Detached"": ""2"", ""Role Disabled"": ""0"", ""Role Leader"": ""0"", ""Role Router"": ""0"", ""Time Child Milli"": ""818372"", ""Time Detached Milli"": ""11628"", ""Time Disabled Milli"": ""0"", ""Time Leader Milli"": ""0"", ""Time Router Milli"": ""0"", ""Time Tracked Milli"": ""830000""}",,,,,,
350,831.0,1500.0,360.0,child,8001,f262a9a43b2cc780,8000,router_c,3,3,8,5,router_c,9002,f262a9a43b2cc780,0.0,0.0,0.0,0.0,1,1,0.0,5.0,5.0,5.0,otns_model_derived_at_ping,model_derived,1.0,-86.146,1,-86.146,1,831.0,False,True,MutualInterference,minimal_end_device,med,enabled,True,packet_probe,"{""RxFailed"": ""0"", ""RxSuccess"": ""427"", ""TxFailed"": ""7"", ""TxSuccess"": ""365""}","{""Attach Attempts"": ""2"", ""Better Parent Attach Attempts"": ""2"", ""Better Partition Attach Attempts"": ""0"", ""Parent Changes"": ""1"", ""Partition Id Changes"": ""1"", ""Role Child"": ""2"", ""Role Detached"": ""2"", ""Role Disabled"": ""0"", ""Role Leader"": ""0"", ""Role Router"": ""0"", ""Time Child Milli"": ""819372"", ""Time Detached Milli"": ""11628"", ""Time Disabled Milli"": ""0"", ""Time Leader Milli"": ""0"", ""Time Router Milli"": ""0"", ""Time Tracked Milli"": ""831000""}",,,,,,
